0,0.02
0.0100005,0.0205618
0.0200002,0.0241926
0.0300007,0.029956
0.0400005,0.0366216
0.0500002,0.0442572
0.0600007,0.0526745
0.0700005,0.0617071
0.0800002,0.0713643
0.0900007,0.0814395
0.1,0.0918812
0.11,0.102678
0.120001,0.113717
0.13,0.125098
0.14,0.136561
0.150001,0.148216
0.16,0.159964
0.17,0.171748
0.180001,0.183585
0.19,0.195511
0.2,0.207489
0.210001,0.219538
0.22,0.231543
0.23,0.243528
0.240001,0.255545
0.25,0.267524
0.26,0.279501
0.270001,0.291443
0.28,0.303348
0.29,0.315192
0.300001,0.327048
0.31,0.338851
0.32,0.350598
0.330001,0.362321
0.34,0.373935
0.35,0.385533
0.360001,0.397073
0.37,0.408563
0.38,0.419971
0.390001,0.431367
0.4,0.442704
0.41,0.45395
0.420001,0.465166
0.43,0.476313
0.44,0.487376
0.450001,0.498383
0.46,0.509338
0.47,0.520224
0.480001,0.531049
0.49,0.541875
0.500001,0.552553
0.51,0.563248
0.52,0.57387
0.530001,0.584405
0.54,0.594846
0.55,0.605288
0.560001,0.615653
0.57,0.625966
0.58,0.636212
0.590001,0.646393
0.6,0.656514
0.61,0.666585
0.620001,0.676621
0.63,0.686566
0.64,0.696494
0.650001,0.70637
0.66,0.716177
0.67,0.725922
0.680001,0.735585
0.69,0.745222
0.7,0.754787
0.710001,0.76429
0.72,0.773744
0.73,0.783187
0.740001,0.792546
0.75,0.801868
0.76,0.811134
0.770001,0.820372
0.78,0.829559
0.79,0.838659
0.800001,0.847733
0.81,0.856786
0.82,0.86575
0.830001,0.874676
0.84,0.883576
0.85,0.892397
0.860001,0.901216
0.87,0.909985
0.88,0.918716
0.890001,0.927378
0.9,0.935999
0.91,0.94456
0.920001,0.953128
0.93,0.961623
0.94,0.970082
0.950001,0.978501
0.96,0.98689
0.97,0.995242
0.980001,1.00353
0.99,1.01179
0.999999,1.02