0,0
0.001,4.07753e-08
0.002,6.91305e-06
0.003,1.06214e-05
0.004,1.43765e-05
0.005,1.89492e-05
0.006,2.38196e-05
0.007,2.98866e-05
0.008,3.62065e-05
0.009,4.40023e-05
0.01,5.4061e-05
0.011,7.04601e-05
0.012,8.95014e-05
0.013,0.000117192
0.014,0.000157645
0.015,0.000204838
0.016,0.000270697
0.017,0.000404223
0.018,0.000596962
0.019,0.000854243
0.02,0.00126302
0.021,0.00168278
0.022,0.0022769
0.023,0.00291923
0.024,0.00365155
0.025,0.00448063
0.026,0.00538404
0.027,0.00635976
0.028,0.00737353
0.029,0.00848769
0.03,0.00967543
0.031,0.0109698
0.032,0.0123183
0.033,0.0137433
0.034,0.0152398
0.035,0.0168007
0.036,0.0184541
0.037,0.0201297
0.038,0.0218851
0.039,0.0236936
0.04,0.0255649
0.041,0.0275034
0.042,0.0294706
0.043,0.0314737
0.044,0.0335338
0.045,0.0356468
0.046,0.037784
0.047,0.0399533
0.048,0.0421681
0.049,0.0444145
0.05,0.0466856
0.051,0.049002
0.052,0.0513294
0.053,0.0536996
0.054,0.0560917
0.055,0.0584942
0.056,0.0609326
0.057,0.0633776
0.058,0.065863
0.059,0.0683471
0.06,0.0708407
0.061,0.0733598
0.062,0.0758849
0.063,0.0784279
0.064,0.0809832
0.065,0.0835427
0.066,0.0861105
0.067,0.0886855
0.068,0.0912701
0.069,0.093858
0.07,0.0964493
0.071,0.0990543
0.072,0.101673
0.073,0.104273
0.074,0.106886
0.075,0.109502
0.076,0.112124
0.077,0.114739
0.078,0.11737
0.079,0.119999
0.08,0.122623
0.081,0.125248
0.082,0.127855
0.083,0.130465
0.084,0.133072
0.085,0.135685
0.086,0.138298
0.087,0.140904
0.088,0.143518
0.089,0.146122
0.09,0.148719
0.091,0.151319
0.092,0.153909
0.093,0.156493
0.094,0.159068
0.095,0.161639
0.096,0.164201
0.097,0.166763
0.098,0.169318
0.099,0.171869
0.1,0.174414
0.101,0.176951
0.102,0.179479
0.103,0.182012
0.104,0.184535
0.105,0.187042
0.106,0.189543
0.107,0.192037
0.108,0.194535
0.109,0.19702
0.11,0.199495
0.111,0.201961
0.112,0.204423
0.113,0.206876
0.114,0.20933
0.115,0.211769
0.116,0.214199
0.117,0.216629
0.118,0.219048
0.119,0.221458
0.12,0.223858
0.121,0.226255
0.122,0.228643
0.123,0.231018
0.124,0.233389
0.125,0.23575
0.126,0.238105
0.127,0.240454
0.128,0.242794
0.129,0.245121
0.13,0.247444
0.131,0.249757
0.132,0.252065
0.133,0.254361
0.134,0.256654
0.135,0.258932
0.136,0.261207
0.137,0.263472
0.138,0.265731
0.139,0.267985
0.14,0.270221
0.141,0.27245
0.142,0.274675
0.143,0.276894
0.144,0.279103
0.145,0.281305
0.146,0.283496
0.147,0.285686
0.148,0.287863
0.149,0.29003
0.15,0.292193
0.151,0.294347
0.152,0.29649
0.153,0.298631
0.154,0.30076
0.155,0.302881
0.156,0.305001
0.157,0.307116
0.158,0.309218
0.159,0.311311
0.16,0.313393
0.161,0.315473
0.162,0.317539
0.163,0.319601
0.164,0.321652
0.165,0.323701
0.166,0.325745
0.167,0.327774
0.168,0.329796
0.169,0.331816
0.17,0.333829
0.171,0.33583
0.172,0.337822
0.173,0.339812
0.174,0.341786
0.175,0.343759
0.176,0.345724
0.177,0.347684
0.178,0.349639
0.179,0.351581
0.18,0.353515
0.181,0.355442
0.182,0.357368
0.183,0.359286
0.184,0.3612
0.185,0.363099
0.186,0.364989
0.187,0.366879
0.188,0.368765
0.189,0.370644
0.19,0.372509
0.191,0.37437
0.192,0.376229
0.193,0.37808
0.194,0.379924
0.195,0.381761
0.196,0.383591
0.197,0.385412
0.198,0.387221
0.199,0.389028
0.2,0.390831
0.201,0.392634
0.202,0.394424
0.203,0.396206
0.204,0.397984
0.205,0.399757
0.206,0.401523
0.207,0.403282
0.208,0.405033
0.209,0.406778
0.21,0.408517
0.211,0.41025
0.212,0.411978
0.213,0.413701
0.214,0.415419
0.215,0.41713
0.216,0.418833
0.217,0.420534
0.218,0.422222
0.219,0.423908
0.22,0.425591
0.221,0.427268
0.222,0.428934
0.223,0.430597
0.224,0.432255
0.225,0.433904
0.226,0.435551
0.227,0.437193
0.228,0.438829
0.229,0.440462
0.23,0.442085
0.231,0.443705
0.232,0.445315
0.233,0.446919
0.234,0.448517
0.235,0.450113
0.236,0.451702
0.237,0.453285
0.238,0.454867
0.239,0.456444
0.24,0.458012
0.241,0.459574
0.242,0.461134
0.243,0.46269
0.244,0.464238
0.245,0.465783
0.246,0.467326
0.247,0.468858
0.248,0.470386
0.249,0.471909
0.25,0.473431
0.251,0.474947
0.252,0.476454
0.253,0.47796
0.254,0.479457
0.255,0.48095
0.256,0.482438
0.257,0.483921
0.258,0.485405
0.259,0.486878
0.26,0.488347
0.261,0.48981
0.262,0.491268
0.263,0.492723
0.264,0.494173
0.265,0.49562
0.266,0.497063
0.267,0.498504
0.268,0.499933
0.269,0.501358
0.27,0.502782
0.271,0.504202
0.272,0.505618
0.273,0.507028
0.274,0.508434
0.275,0.509837
0.276,0.511237
0.277,0.512633
0.278,0.514021
0.279,0.515407
0.28,0.516788
0.281,0.518164
0.282,0.519531
0.283,0.520899
0.284,0.522263
0.285,0.523623
0.286,0.524975
0.287,0.526328
0.288,0.527675
0.289,0.529016
0.29,0.530352
0.291,0.531689
0.292,0.533019
0.293,0.534344
0.294,0.535666
0.295,0.536985
0.296,0.538303
0.297,0.539612
0.298,0.540919
0.299,0.542218
0.3,0.543513
0.301,0.544806
0.302,0.546095
0.303,0.54738
0.304,0.548661
0.305,0.54994
0.306,0.551215
0.307,0.552483
0.308,0.553749
0.309,0.555015
0.31,0.556275
0.311,0.557532
0.312,0.558785
0.313,0.560035
0.314,0.561277
0.315,0.562515
0.316,0.563751
0.317,0.564986
0.318,0.566214
0.319,0.567442
0.32,0.568667
0.321,0.569886
0.322,0.571102
0.323,0.572316
0.324,0.573523
0.325,0.57473
0.326,0.575931
0.327,0.577129
0.328,0.578326
0.329,0.579522
0.33,0.580712
0.331,0.5819
0.332,0.58308
0.333,0.584257
0.334,0.585436
0.335,0.58661
0.336,0.587778
0.337,0.588945
0.338,0.59011
0.339,0.591269
0.34,0.592425
0.341,0.593579
0.342,0.594729
0.343,0.595874
0.344,0.597017
0.345,0.598157
0.346,0.599291
0.347,0.600424
0.348,0.601554
0.349,0.602682
0.35,0.603807
0.351,0.604929
0.352,0.606048
0.353,0.607164
0.354,0.608277
0.355,0.609385
0.356,0.610492
0.357,0.611595
0.358,0.612695
0.359,0.613792
0.36,0.614886
0.361,0.615977
0.362,0.617067
0.363,0.618156
0.364,0.619239
0.365,0.620319
0.366,0.621398
0.367,0.622472
0.368,0.623542
0.369,0.62461
0.37,0.625678
0.371,0.62674
0.372,0.6278
0.373,0.62886
0.374,0.629914
0.375,0.630964
0.376,0.632013
0.377,0.633058
0.378,0.634103
0.379,0.635144
0.38,0.636181
0.381,0.637216
0.382,0.638244
0.383,0.639273
0.384,0.640302
0.385,0.641327
0.386,0.642347
0.387,0.643366
0.388,0.64438
0.389,0.645393
0.39,0.646402
0.391,0.647412
0.392,0.648416
0.393,0.649421
0.394,0.650424
0.395,0.651423
0.396,0.65242
0.397,0.653415
0.398,0.654407
0.399,0.655394
0.4,0.656383
0.401,0.657369
0.402,0.658351
0.403,0.65933
0.404,0.660304
0.405,0.661279
0.406,0.662251
0.407,0.663218
0.408,0.664186
0.409,0.66515
0.41,0.666113
0.411,0.667072
0.412,0.66803
0.413,0.668981
0.414,0.669936
0.415,0.670886
0.416,0.671831
0.417,0.672776
0.418,0.673721
0.419,0.67466
0.42,0.675598
0.421,0.676531
0.422,0.677465
0.423,0.678397
0.424,0.679327
0.425,0.680254
0.426,0.681177
0.427,0.682097
0.428,0.683019
0.429,0.683937
0.43,0.68485
0.431,0.685761
0.432,0.686674
0.433,0.687584
0.434,0.688491
0.435,0.689398
0.436,0.690299
0.437,0.691199
0.438,0.692099
0.439,0.692996
0.44,0.69389
0.441,0.694782
0.442,0.695672
0.443,0.696561
0.444,0.697446
0.445,0.698329
0.446,0.699209
0.447,0.700088
0.448,0.700966
0.449,0.701841
0.45,0.702714
0.451,0.703585
0.452,0.704453
0.453,0.705319
0.454,0.706181
0.455,0.707043
0.456,0.707906
0.457,0.708766
0.458,0.709623
0.459,0.710478
0.46,0.711331
0.461,0.712182
0.462,0.713031
0.463,0.713879
0.464,0.714724
0.465,0.715568
0.466,0.71641
0.467,0.717249
0.468,0.718088
0.469,0.718924
0.47,0.71976
0.471,0.720591
0.472,0.721421
0.473,0.722247
0.474,0.723072
0.475,0.723896
0.476,0.724719
0.477,0.725539
0.478,0.72636
0.479,0.727177
0.48,0.727991
0.481,0.728805
0.482,0.729618
0.483,0.730428
0.484,0.731236
0.485,0.732042
0.486,0.732846
0.487,0.73365
0.488,0.734454
0.489,0.735254
0.49,0.736053
0.491,0.736848
0.492,0.737642
0.493,0.738435
0.494,0.739223
0.495,0.740012
0.496,0.740801
0.497,0.741585
0.498,0.742367
0.499,0.743149
0.5,0.743929
0.501,0.744707
0.502,0.745484
0.503,0.74626
0.504,0.747034
0.505,0.747809
0.506,0.748577
0.507,0.749347
0.508,0.750115
0.509,0.750883
0.51,0.751645
0.511,0.752407
0.512,0.75317
0.513,0.753927
0.514,0.754682
0.515,0.755438
0.516,0.756192
0.517,0.756944
0.518,0.757695
0.519,0.758445
0.52,0.759192
0.521,0.759938
0.522,0.760684
0.523,0.761425
0.524,0.762167
0.525,0.762905
0.526,0.763644
0.527,0.764381
0.528,0.765117
0.529,0.76585
0.53,0.766582
0.531,0.767312
0.532,0.76804
0.533,0.768768
0.534,0.769493
0.535,0.770217
0.536,0.770941
0.537,0.771662
0.538,0.772382
0.539,0.7731
0.54,0.773815
0.541,0.774533
0.542,0.775247
0.543,0.775961
0.544,0.776674
0.545,0.777384
0.546,0.778092
0.547,0.778796
0.548,0.779503
0.549,0.780206
0.55,0.78091
0.551,0.78161
0.552,0.78231
0.553,0.783007
0.554,0.783706
0.555,0.784399
0.556,0.785092
0.557,0.785786
0.558,0.786476
0.559,0.787165
0.56,0.787853
0.561,0.788539
0.562,0.789223
0.563,0.789907
0.564,0.790591
0.565,0.791274
0.566,0.791955
0.567,0.792632
0.568,0.793308
0.569,0.793982
0.57,0.794657
0.571,0.795329
0.572,0.796
0.573,0.79667
0.574,0.797339
0.575,0.798008
0.576,0.798676
0.577,0.799341
0.578,0.800005
0.579,0.800668
0.58,0.80133
0.581,0.801989
0.582,0.802647
0.583,0.803303
0.584,0.80396
0.585,0.804616
0.586,0.80527
0.587,0.805924
0.588,0.806577
0.589,0.807228
0.59,0.807876
0.591,0.808523
0.592,0.809169
0.593,0.809813
0.594,0.810457
0.595,0.811098
0.596,0.81174
0.597,0.812381
0.598,0.813023
0.599,0.81366
0.6,0.814296
0.601,0.814931
0.602,0.815565
0.603,0.816198
0.604,0.816831
0.605,0.817463
0.606,0.818093
0.607,0.818721
0.608,0.819348
0.609,0.819973
0.61,0.820597
0.611,0.821221
0.612,0.821844
0.613,0.822465
0.614,0.823084
0.615,0.823704
0.616,0.824323
0.617,0.824939
0.618,0.825554
0.619,0.826168
0.62,0.826782
0.621,0.827394
0.622,0.828004
0.623,0.828615
0.624,0.829224
0.625,0.829832
0.626,0.830439
0.627,0.831044
0.628,0.831648
0.629,0.832252
0.63,0.832855
0.631,0.833457
0.632,0.834058
0.633,0.834656
0.634,0.835255
0.635,0.835852
0.636,0.836448
0.637,0.837044
0.638,0.837636
0.639,0.838227
0.64,0.838822
0.641,0.839412
0.642,0.840001
0.643,0.84059
0.644,0.841176
0.645,0.841761
0.646,0.842347
0.647,0.842931
0.648,0.843514
0.649,0.844096
0.65,0.844676
0.651,0.845256
0.652,0.845833
0.653,0.846411
0.654,0.846987
0.655,0.84756
0.656,0.848135
0.657,0.848709
0.658,0.849282
0.659,0.849854
0.66,0.850423
0.661,0.850992
0.662,0.851557
0.663,0.852123
0.664,0.852689
0.665,0.853255
0.666,0.85382
0.667,0.854383
0.668,0.854945
0.669,0.855505
0.67,0.856066
0.671,0.856627
0.672,0.857185
0.673,0.857742
0.674,0.858297
0.675,0.858853
0.676,0.859407
0.677,0.859962
0.678,0.860514
0.679,0.861066
0.68,0.861615
0.681,0.862162
0.682,0.86271
0.683,0.863258
0.684,0.863805
0.685,0.86435
0.686,0.864894
0.687,0.865439
0.688,0.865981
0.689,0.866521
0.69,0.867061
0.691,0.867601
0.692,0.868141
0.693,0.86868
0.694,0.869216
0.695,0.869753
0.696,0.870287
0.697,0.870821
0.698,0.871356
0.699,0.871888
0.7,0.872417
0.701,0.872948
0.702,0.873481
0.703,0.874009
0.704,0.874538
0.705,0.875066
0.706,0.875591
0.707,0.876115
0.708,0.87664
0.709,0.877162
0.71,0.877686
0.711,0.878207
0.712,0.878727
0.713,0.879248
0.714,0.879766
0.715,0.880285
0.716,0.880804
0.717,0.881321
0.718,0.881837
0.719,0.882354
0.72,0.88287
0.721,0.883385
0.722,0.883897
0.723,0.884408
0.724,0.88492
0.725,0.885431
0.726,0.885943
0.727,0.886449
0.728,0.886958
0.729,0.887465
0.73,0.887972
0.731,0.888477
0.732,0.88898
0.733,0.889485
0.734,0.889987
0.735,0.890489
0.736,0.89099
0.737,0.89149
0.738,0.89199
0.739,0.892489
0.74,0.892987
0.741,0.893481
0.742,0.893978
0.743,0.894476
0.744,0.894971
0.745,0.895464
0.746,0.895959
0.747,0.896451
0.748,0.896943
0.749,0.897434
0.75,0.897922
0.751,0.898411
0.752,0.898899
0.753,0.899386
0.754,0.899872
0.755,0.900358
0.756,0.900842
0.757,0.901326
0.758,0.90181
0.759,0.902292
0.76,0.902774
0.761,0.903255
0.762,0.903736
0.763,0.904215
0.764,0.904696
0.765,0.905175
0.766,0.905653
0.767,0.906131
0.768,0.906606
0.769,0.907081
0.77,0.907555
0.771,0.908029
0.772,0.908502
0.773,0.908973
0.774,0.909443
0.775,0.909913
0.776,0.910383
0.777,0.910854
0.778,0.911324
0.779,0.911791
0.78,0.91226
0.781,0.912726
0.782,0.913192
0.783,0.913656
0.784,0.914122
0.785,0.914585
0.786,0.915049
0.787,0.915512
0.788,0.915975
0.789,0.916434
0.79,0.916895
0.791,0.917355
0.792,0.917814
0.793,0.918272
0.794,0.91873
0.795,0.919186
0.796,0.91964
0.797,0.920094
0.798,0.920547
0.799,0.921
0.8,0.921453
0.801,0.921904
0.802,0.922354
0.803,0.922804
0.804,0.923255
0.805,0.923704
0.806,0.924151
0.807,0.924599
0.808,0.925047
0.809,0.925493
0.81,0.925939
0.811,0.926383
0.812,0.926828
0.813,0.927273
0.814,0.927716
0.815,0.928161
0.816,0.928604
0.817,0.929046
0.818,0.929485
0.819,0.929924
0.82,0.930363
0.821,0.930801
0.822,0.931239
0.823,0.931675
0.824,0.932113
0.825,0.932549
0.826,0.932985
0.827,0.933418
0.828,0.933854
0.829,0.934288
0.83,0.934719
0.831,0.935151
0.832,0.935582
0.833,0.936013
0.834,0.936443
0.835,0.936872
0.836,0.937299
0.837,0.937728
0.838,0.938155
0.839,0.938583
0.84,0.939011
0.841,0.939438
0.842,0.939864
0.843,0.940291
0.844,0.940715
0.845,0.941139
0.846,0.94156
0.847,0.941982
0.848,0.942402
0.849,0.942823
0.85,0.943245
0.851,0.943664
0.852,0.944084
0.853,0.944505
0.854,0.944921
0.855,0.945337
0.856,0.945751
0.857,0.946167
0.858,0.946581
0.859,0.946996
0.86,0.94741
0.861,0.947824
0.862,0.948235
0.863,0.948648
0.864,0.949061
0.865,0.949471
0.866,0.94988
0.867,0.950289
0.868,0.950697
0.869,0.951105
0.87,0.951514
0.871,0.951921
0.872,0.952326
0.873,0.952734
0.874,0.953139
0.875,0.953543
0.876,0.953946
0.877,0.95435
0.878,0.954752
0.879,0.955157
0.88,0.955559
0.881,0.955961
0.882,0.95636
0.883,0.956762
0.884,0.957162
0.885,0.957561
0.886,0.957959
0.887,0.958358
0.888,0.958756
0.889,0.959153
0.89,0.959548
0.891,0.959944
0.892,0.960339
0.893,0.960735
0.894,0.961129
0.895,0.961521
0.896,0.961915
0.897,0.962308
0.898,0.962702
0.899,0.963094
0.9,0.963484
0.901,0.963873
0.902,0.964263
0.903,0.964653
0.904,0.965043
0.905,0.965432
0.906,0.96582
0.907,0.966206
0.908,0.966591
0.909,0.966976
0.91,0.96736
0.911,0.967745
0.912,0.96813
0.913,0.968513
0.914,0.968897
0.915,0.96928
0.916,0.969659
0.917,0.97004
0.918,0.970421
0.919,0.970804
0.92,0.971185
0.921,0.971565
0.922,0.971944
0.923,0.972322
0.924,0.9727
0.925,0.973076
0.926,0.973453
0.927,0.973829
0.928,0.974207
0.929,0.974583
0.93,0.974958
0.931,0.975332
0.932,0.975707
0.933,0.97608
0.934,0.976454
0.935,0.976828
0.936,0.977199
0.937,0.977571
0.938,0.977942
0.939,0.978313
0.94,0.978682
0.941,0.979051
0.942,0.97942
0.943,0.979788
0.944,0.980155
0.945,0.980523
0.946,0.980888
0.947,0.981256
0.948,0.981623
0.949,0.981988
0.95,0.982354
0.951,0.982718
0.952,0.983082
0.953,0.983446
0.954,0.983808
0.955,0.984171
0.956,0.984533
0.957,0.984895
0.958,0.985257
0.959,0.985618
0.96,0.985978
0.961,0.986338
0.962,0.986699
0.963,0.987058
0.964,0.987414
0.965,0.987772
0.966,0.988128
0.967,0.988484
0.968,0.98884
0.969,0.989197
0.97,0.989553
0.971,0.989907
0.972,0.990261
0.973,0.990614
0.974,0.990968
0.975,0.991322
0.976,0.991674
0.977,0.992026
0.978,0.992377
0.979,0.992727
0.98,0.993078
0.981,0.993428
0.982,0.993779
0.983,0.994128
0.984,0.994476
0.985,0.994825
0.986,0.995172
0.987,0.995522
0.988,0.995869
0.989,0.996216
0.99,0.996564
0.991,0.99691
0.992,0.997255
0.993,0.997599
0.994,0.997943
0.995,0.998287
0.996,0.99863
0.997,0.998974
0.998,0.999316
0.999,0.999659
1,1
0.0141754,0.000183275
