0,0.02
0.0100003,0.0200627
0.0200003,0.020229
0.0300003,0.0222256
0.0400003,0.043913
0.0500003,0.079052
0.0600002,0.118275
0.0700002,0.157808
0.0800002,0.196026
0.0900002,0.232608
0.1,0.267013
0.11,0.299327
0.12,0.329713
0.13,0.358187
0.14,0.38496
0.15,0.410195
0.16,0.43395
0.17,0.456397
0.18,0.477623
0.19,0.497688
0.2,0.516682
0.21,0.534746
0.22,0.551945
0.23,0.568298
0.24,0.583938
0.25,0.598824
0.26,0.613045
0.27,0.626695
0.28,0.639757
0.29,0.652291
0.3,0.664315
0.31,0.675875
0.32,0.686977
0.33,0.697717
0.34,0.708032
0.35,0.717957
0.36,0.727555
0.37,0.736836
0.38,0.745802
0.39,0.754487
0.4,0.762859
0.41,0.77102
0.42,0.778897
0.43,0.786522
0.44,0.793936
0.45,0.80113
0.46,0.808114
0.47,0.814907
0.48,0.821485
0.49,0.827909
0.5,0.834145
0.51,0.840237
0.52,0.846157
0.53,0.851916
0.54,0.857522
0.55,0.863019
0.56,0.868354
0.57,0.873551
0.58,0.878639
0.59,0.883609
0.6,0.888458
0.61,0.893198
0.62,0.897846
0.63,0.902365
0.64,0.906798
0.65,0.91112
0.66,0.915361
0.67,0.919495
0.68,0.923575
0.69,0.927547
0.7,0.931454
0.71,0.935275
0.72,0.939019
0.73,0.942682
0.74,0.946275
0.75,0.949785
0.76,0.953242
0.77,0.956617
0.78,0.959942
0.79,0.963214
0.8,0.966416
0.81,0.969548
0.82,0.972625
0.83,0.975665
0.84,0.978646
0.85,0.981571
0.86,0.98443
0.87,0.987257
0.88,0.990043
0.89,0.992774
0.9,0.995451
0.91,0.998096
0.92,1.00069
0.93,1.00324
0.94,1.00575
0.95,1.00822
0.96,1.01065
0.97,1.01303
0.98,1.01539
0.99,1.01771
1,1.02