0,0
0.001,6.23092e-06
0.002,0.000183741
0.003,0.000250281
0.004,0.000313544
0.005,0.000373613
0.006,0.000456306
0.007,0.000520857
0.008,0.000593553
0.009,0.000668729
0.01,0.000752271
0.011,0.000837365
0.012,0.000921431
0.013,0.00102468
0.014,0.0011309
0.015,0.00123653
0.016,0.00134102
0.017,0.00147219
0.018,0.00165182
0.019,0.00180315
0.02,0.00196856
0.021,0.00221675
0.022,0.00250562
0.023,0.00283366
0.024,0.00311396
0.025,0.00352089
0.026,0.0038398
0.027,0.00439457
0.028,0.00491028
0.029,0.0053083
0.03,0.00580496
0.031,0.00637181
0.032,0.00720355
0.033,0.00786883
0.034,0.00853856
0.035,0.00926969
0.036,0.010002
0.037,0.010735
0.038,0.0116972
0.039,0.0124794
0.04,0.0132558
0.041,0.0140884
0.042,0.0148766
0.043,0.0156744
0.044,0.0164866
0.045,0.017276
0.046,0.0180543
0.047,0.0188395
0.048,0.0197568
0.049,0.0204375
0.05,0.0212908
0.051,0.0221455
0.052,0.0230268
0.053,0.0238947
0.054,0.024722
0.055,0.0254965
0.056,0.0263105
0.057,0.0272537
0.058,0.0281453
0.059,0.0290069
0.06,0.0298755
0.061,0.0307684
0.062,0.0316691
0.063,0.032494
0.064,0.0334028
0.065,0.0344135
0.066,0.035297
0.067,0.0361545
0.068,0.0371451
0.069,0.0380731
0.07,0.0389271
0.071,0.0398947
0.072,0.0408638
0.073,0.0417973
0.074,0.0427288
0.075,0.0437011
0.076,0.0446681
0.077,0.0456686
0.078,0.0467179
0.079,0.0477212
0.08,0.0487355
0.081,0.0496793
0.082,0.0507329
0.083,0.0517208
0.084,0.0527151
0.085,0.0537163
0.086,0.0547331
0.087,0.0556759
0.088,0.0567327
0.089,0.0577456
0.09,0.0587276
0.091,0.0597854
0.092,0.0608727
0.093,0.061925
0.094,0.0629441
0.095,0.0640268
0.096,0.0651389
0.097,0.0661506
0.098,0.0671632
0.099,0.0681828
0.1,0.0691952
0.101,0.0702367
0.102,0.0713259
0.103,0.0724108
0.104,0.0734732
0.105,0.0745369
0.106,0.0755995
0.107,0.0766326
0.108,0.0776885
0.109,0.0787767
0.11,0.0798712
0.111,0.0809711
0.112,0.0820881
0.113,0.0831757
0.114,0.0842581
0.115,0.0853884
0.116,0.0865103
0.117,0.0876348
0.118,0.0887131
0.119,0.0898943
0.12,0.0909947
0.121,0.0920433
0.122,0.0932018
0.123,0.0943121
0.124,0.0954232
0.125,0.0965365
0.126,0.09761
0.127,0.0987428
0.128,0.0998458
0.129,0.100956
0.13,0.102089
0.131,0.103236
0.132,0.104444
0.133,0.105554
0.134,0.106687
0.135,0.10781
0.136,0.108914
0.137,0.110058
0.138,0.1112
0.139,0.11244
0.14,0.11362
0.141,0.114771
0.142,0.115931
0.143,0.117085
0.144,0.118209
0.145,0.119384
0.146,0.120608
0.147,0.121768
0.148,0.122892
0.149,0.124086
0.15,0.125212
0.151,0.126336
0.152,0.127511
0.153,0.128689
0.154,0.129853
0.155,0.131015
0.156,0.132187
0.157,0.133415
0.158,0.134622
0.159,0.135752
0.16,0.136875
0.161,0.138034
0.162,0.13919
0.163,0.140389
0.164,0.141588
0.165,0.142778
0.166,0.143964
0.167,0.145151
0.168,0.146351
0.169,0.147567
0.17,0.148779
0.171,0.149939
0.172,0.151085
0.173,0.152239
0.174,0.15345
0.175,0.154656
0.176,0.155846
0.177,0.157041
0.178,0.158249
0.179,0.159459
0.18,0.160631
0.181,0.161813
0.182,0.163019
0.183,0.164164
0.184,0.165326
0.185,0.166522
0.186,0.167709
0.187,0.168869
0.188,0.170032
0.189,0.171257
0.19,0.172444
0.191,0.173598
0.192,0.174805
0.193,0.175991
0.194,0.177189
0.195,0.178371
0.196,0.179566
0.197,0.180771
0.198,0.181968
0.199,0.183094
0.2,0.184248
0.201,0.185422
0.202,0.186595
0.203,0.187815
0.204,0.189023
0.205,0.19017
0.206,0.191358
0.207,0.192598
0.208,0.193786
0.209,0.194976
0.21,0.1962
0.211,0.197454
0.212,0.198614
0.213,0.199828
0.214,0.200953
0.215,0.202164
0.216,0.203354
0.217,0.204517
0.218,0.205725
0.219,0.206912
0.22,0.208159
0.221,0.209345
0.222,0.210525
0.223,0.211721
0.224,0.212914
0.225,0.214124
0.226,0.215344
0.227,0.216542
0.228,0.217728
0.229,0.218925
0.23,0.220101
0.231,0.221304
0.232,0.222516
0.233,0.223696
0.234,0.224898
0.235,0.226105
0.236,0.22732
0.237,0.228523
0.238,0.229724
0.239,0.230875
0.24,0.232088
0.241,0.233294
0.242,0.234512
0.243,0.235661
0.244,0.236849
0.245,0.238061
0.246,0.239295
0.247,0.240499
0.248,0.241732
0.249,0.242967
0.25,0.244126
0.251,0.245323
0.252,0.24652
0.253,0.247705
0.254,0.248891
0.255,0.250113
0.256,0.251331
0.257,0.252513
0.258,0.253719
0.259,0.254877
0.26,0.256066
0.261,0.257215
0.262,0.258392
0.263,0.259567
0.264,0.26076
0.265,0.261985
0.266,0.26318
0.267,0.264374
0.268,0.265578
0.269,0.266765
0.27,0.267979
0.271,0.269122
0.272,0.27033
0.273,0.271525
0.274,0.272646
0.275,0.273891
0.276,0.275082
0.277,0.276267
0.278,0.277433
0.279,0.278676
0.28,0.279886
0.281,0.281027
0.282,0.282222
0.283,0.283407
0.284,0.28461
0.285,0.285851
0.286,0.287038
0.287,0.288194
0.288,0.289391
0.289,0.290594
0.29,0.291742
0.291,0.292937
0.292,0.294084
0.293,0.295314
0.294,0.296454
0.295,0.297648
0.296,0.298842
0.297,0.300051
0.298,0.301218
0.299,0.3024
0.3,0.30359
0.301,0.304753
0.302,0.305907
0.303,0.307111
0.304,0.308295
0.305,0.309465
0.306,0.310612
0.307,0.31179
0.308,0.312996
0.309,0.314167
0.31,0.31539
0.311,0.316578
0.312,0.31778
0.313,0.318959
0.314,0.320108
0.315,0.321271
0.316,0.322495
0.317,0.323726
0.318,0.324858
0.319,0.326046
0.32,0.327213
0.321,0.328384
0.322,0.32955
0.323,0.330723
0.324,0.331895
0.325,0.333057
0.326,0.334211
0.327,0.335371
0.328,0.336507
0.329,0.337701
0.33,0.338873
0.331,0.340044
0.332,0.341232
0.333,0.342407
0.334,0.343576
0.335,0.344739
0.336,0.345913
0.337,0.347088
0.338,0.348236
0.339,0.349384
0.34,0.350554
0.341,0.351683
0.342,0.352833
0.343,0.354039
0.344,0.355216
0.345,0.356371
0.346,0.357524
0.347,0.35869
0.348,0.359837
0.349,0.361031
0.35,0.3622
0.351,0.363359
0.352,0.364558
0.353,0.365746
0.354,0.366904
0.355,0.368054
0.356,0.369202
0.357,0.370328
0.358,0.371513
0.359,0.372645
0.36,0.373814
0.361,0.374939
0.362,0.376078
0.363,0.377269
0.364,0.37842
0.365,0.379625
0.366,0.380777
0.367,0.381912
0.368,0.383038
0.369,0.384167
0.37,0.385287
0.371,0.38642
0.372,0.387567
0.373,0.388726
0.374,0.389888
0.375,0.391012
0.376,0.392155
0.377,0.393292
0.378,0.394422
0.379,0.395559
0.38,0.396651
0.381,0.397791
0.382,0.398929
0.383,0.400063
0.384,0.401182
0.385,0.402296
0.386,0.403448
0.387,0.404569
0.388,0.405713
0.389,0.406852
0.39,0.408007
0.391,0.409149
0.392,0.410286
0.393,0.41139
0.394,0.412514
0.395,0.413672
0.396,0.414829
0.397,0.415986
0.398,0.417137
0.399,0.418284
0.4,0.419408
0.401,0.420531
0.402,0.421637
0.403,0.422772
0.404,0.423899
0.405,0.425069
0.406,0.42619
0.407,0.427347
0.408,0.428508
0.409,0.429684
0.41,0.430839
0.411,0.431992
0.412,0.433119
0.413,0.434252
0.414,0.435377
0.415,0.436503
0.416,0.437657
0.417,0.438776
0.418,0.4399
0.419,0.441017
0.42,0.442132
0.421,0.443239
0.422,0.444349
0.423,0.445489
0.424,0.446614
0.425,0.447733
0.426,0.448835
0.427,0.449959
0.428,0.451052
0.429,0.452173
0.43,0.453307
0.431,0.454426
0.432,0.455509
0.433,0.456586
0.434,0.457706
0.435,0.4588
0.436,0.459926
0.437,0.461038
0.438,0.462147
0.439,0.463273
0.44,0.464372
0.441,0.465452
0.442,0.466561
0.443,0.467646
0.444,0.468785
0.445,0.469891
0.446,0.470984
0.447,0.472086
0.448,0.473197
0.449,0.474289
0.45,0.475409
0.451,0.476512
0.452,0.477599
0.453,0.478693
0.454,0.479809
0.455,0.480946
0.456,0.482035
0.457,0.483132
0.458,0.484241
0.459,0.485343
0.46,0.486478
0.461,0.487593
0.462,0.4887
0.463,0.489796
0.464,0.490916
0.465,0.492003
0.466,0.493079
0.467,0.494158
0.468,0.495285
0.469,0.49639
0.47,0.497493
0.471,0.498589
0.472,0.49969
0.473,0.500793
0.474,0.50188
0.475,0.502943
0.476,0.50405
0.477,0.505145
0.478,0.506238
0.479,0.507336
0.48,0.508425
0.481,0.509508
0.482,0.510623
0.483,0.511704
0.484,0.512806
0.485,0.513913
0.486,0.51498
0.487,0.5161
0.488,0.517183
0.489,0.518238
0.49,0.519295
0.491,0.520396
0.492,0.521485
0.493,0.522573
0.494,0.523618
0.495,0.524712
0.496,0.525811
0.497,0.526923
0.498,0.527986
0.499,0.529062
0.5,0.530134
0.501,0.531187
0.502,0.532245
0.503,0.533314
0.504,0.534378
0.505,0.535443
0.506,0.536511
0.507,0.537558
0.508,0.538629
0.509,0.539696
0.51,0.540761
0.511,0.541877
0.512,0.542926
0.513,0.543982
0.514,0.545052
0.515,0.546121
0.516,0.547191
0.517,0.548271
0.518,0.549363
0.519,0.550454
0.52,0.551509
0.521,0.552548
0.522,0.553657
0.523,0.55472
0.524,0.555777
0.525,0.556806
0.526,0.557886
0.527,0.558924
0.528,0.559992
0.529,0.561055
0.53,0.562125
0.531,0.563178
0.532,0.564235
0.533,0.565294
0.534,0.566337
0.535,0.567398
0.536,0.568434
0.537,0.569505
0.538,0.57056
0.539,0.571607
0.54,0.572687
0.541,0.573735
0.542,0.57479
0.543,0.575862
0.544,0.5769
0.545,0.577915
0.546,0.578964
0.547,0.580044
0.548,0.581065
0.549,0.582108
0.55,0.583153
0.551,0.584188
0.552,0.585251
0.553,0.586306
0.554,0.587333
0.555,0.588374
0.556,0.589425
0.557,0.590436
0.558,0.591454
0.559,0.592491
0.56,0.593531
0.561,0.594563
0.562,0.595599
0.563,0.596639
0.564,0.597674
0.565,0.598725
0.566,0.599729
0.567,0.600738
0.568,0.601781
0.569,0.602808
0.57,0.60382
0.571,0.604852
0.572,0.605884
0.573,0.606909
0.574,0.607958
0.575,0.608976
0.576,0.610024
0.577,0.611082
0.578,0.612111
0.579,0.613104
0.58,0.61412
0.581,0.61515
0.582,0.616187
0.583,0.617194
0.584,0.61822
0.585,0.619253
0.586,0.620295
0.587,0.62134
0.588,0.622354
0.589,0.623338
0.59,0.624362
0.591,0.625369
0.592,0.626387
0.593,0.627433
0.594,0.628484
0.595,0.629532
0.596,0.630561
0.597,0.63159
0.598,0.632587
0.599,0.633611
0.6,0.634625
0.601,0.635657
0.602,0.636665
0.603,0.637702
0.604,0.638699
0.605,0.639684
0.606,0.64069
0.607,0.641701
0.608,0.642679
0.609,0.643697
0.61,0.644694
0.611,0.645719
0.612,0.6467
0.613,0.647716
0.614,0.648716
0.615,0.649717
0.616,0.650721
0.617,0.651746
0.618,0.652746
0.619,0.653743
0.62,0.654794
0.621,0.655814
0.622,0.656808
0.623,0.657812
0.624,0.658799
0.625,0.659806
0.626,0.660798
0.627,0.661828
0.628,0.662825
0.629,0.663818
0.63,0.664815
0.631,0.665798
0.632,0.666804
0.633,0.667807
0.634,0.668832
0.635,0.669837
0.636,0.670827
0.637,0.671839
0.638,0.672849
0.639,0.673809
0.64,0.674781
0.641,0.675818
0.642,0.6768
0.643,0.677792
0.644,0.678794
0.645,0.679745
0.646,0.680734
0.647,0.681735
0.648,0.682701
0.649,0.683691
0.65,0.684668
0.651,0.685645
0.652,0.686619
0.653,0.68763
0.654,0.688613
0.655,0.689597
0.656,0.690597
0.657,0.69157
0.658,0.692537
0.659,0.693519
0.66,0.694486
0.661,0.69544
0.662,0.696454
0.663,0.697425
0.664,0.698386
0.665,0.699376
0.666,0.700346
0.667,0.701333
0.668,0.702311
0.669,0.703279
0.67,0.704231
0.671,0.705208
0.672,0.706185
0.673,0.707162
0.674,0.708163
0.675,0.70915
0.676,0.710143
0.677,0.711129
0.678,0.712085
0.679,0.713097
0.68,0.714074
0.681,0.715053
0.682,0.716013
0.683,0.716997
0.684,0.717983
0.685,0.718943
0.686,0.719918
0.687,0.720884
0.688,0.721844
0.689,0.72282
0.69,0.723767
0.691,0.724717
0.692,0.725649
0.693,0.726595
0.694,0.727524
0.695,0.728531
0.696,0.72949
0.697,0.730446
0.698,0.731378
0.699,0.732319
0.7,0.733297
0.701,0.734251
0.702,0.735208
0.703,0.736151
0.704,0.737098
0.705,0.738064
0.706,0.739026
0.707,0.739996
0.708,0.740953
0.709,0.741897
0.71,0.742864
0.711,0.743835
0.712,0.744799
0.713,0.745764
0.714,0.746724
0.715,0.747677
0.716,0.748595
0.717,0.749548
0.718,0.750488
0.719,0.75145
0.72,0.752421
0.721,0.753384
0.722,0.754302
0.723,0.755227
0.724,0.756195
0.725,0.757119
0.726,0.758068
0.727,0.759007
0.728,0.759937
0.729,0.760899
0.73,0.761833
0.731,0.762777
0.732,0.763729
0.733,0.764687
0.734,0.765629
0.735,0.766585
0.736,0.76755
0.737,0.768507
0.738,0.769431
0.739,0.770339
0.74,0.771287
0.741,0.772248
0.742,0.7732
0.743,0.774144
0.744,0.775083
0.745,0.776018
0.746,0.776958
0.747,0.777885
0.748,0.778842
0.749,0.779774
0.75,0.780726
0.751,0.781678
0.752,0.782631
0.753,0.783585
0.754,0.784537
0.755,0.785488
0.756,0.786426
0.757,0.787359
0.758,0.788269
0.759,0.789183
0.76,0.790112
0.761,0.791021
0.762,0.791983
0.763,0.792923
0.764,0.793837
0.765,0.794775
0.766,0.7957
0.767,0.796617
0.768,0.797543
0.769,0.798446
0.77,0.799382
0.771,0.800302
0.772,0.801226
0.773,0.80215
0.774,0.803055
0.775,0.80396
0.776,0.804864
0.777,0.805775
0.778,0.806706
0.779,0.807577
0.78,0.808505
0.781,0.809423
0.782,0.810357
0.783,0.811261
0.784,0.812159
0.785,0.813096
0.786,0.814016
0.787,0.814934
0.788,0.815842
0.789,0.816785
0.79,0.817717
0.791,0.818633
0.792,0.819556
0.793,0.82048
0.794,0.821377
0.795,0.822268
0.796,0.823129
0.797,0.824013
0.798,0.824935
0.799,0.825823
0.8,0.826713
0.801,0.827616
0.802,0.828536
0.803,0.829422
0.804,0.830351
0.805,0.83127
0.806,0.83219
0.807,0.833114
0.808,0.834017
0.809,0.834899
0.81,0.835824
0.811,0.83673
0.812,0.837638
0.813,0.838538
0.814,0.839419
0.815,0.84032
0.816,0.841228
0.817,0.842112
0.818,0.843043
0.819,0.843967
0.82,0.844851
0.821,0.84576
0.822,0.846686
0.823,0.847604
0.824,0.848502
0.825,0.84941
0.826,0.850307
0.827,0.85121
0.828,0.852098
0.829,0.852999
0.83,0.853881
0.831,0.854779
0.832,0.85566
0.833,0.85655
0.834,0.857458
0.835,0.858358
0.836,0.859228
0.837,0.860141
0.838,0.861035
0.839,0.861959
0.84,0.862862
0.841,0.863744
0.842,0.864644
0.843,0.865524
0.844,0.866412
0.845,0.867294
0.846,0.868168
0.847,0.869062
0.848,0.869983
0.849,0.870887
0.85,0.87179
0.851,0.872679
0.852,0.873559
0.853,0.874431
0.854,0.875325
0.855,0.876189
0.856,0.877065
0.857,0.877958
0.858,0.878809
0.859,0.87968
0.86,0.880558
0.861,0.881463
0.862,0.882341
0.863,0.883267
0.864,0.884154
0.865,0.885021
0.866,0.885933
0.867,0.886795
0.868,0.887672
0.869,0.888544
0.87,0.889431
0.871,0.890284
0.872,0.89113
0.873,0.892025
0.874,0.892944
0.875,0.893815
0.876,0.894689
0.877,0.89557
0.878,0.896471
0.879,0.897352
0.88,0.898206
0.881,0.899086
0.882,0.899923
0.883,0.900784
0.884,0.901647
0.885,0.902513
0.886,0.903381
0.887,0.904237
0.888,0.905102
0.889,0.905967
0.89,0.90685
0.891,0.907704
0.892,0.908577
0.893,0.90943
0.894,0.910271
0.895,0.911132
0.896,0.912001
0.897,0.912861
0.898,0.913706
0.899,0.914579
0.9,0.915468
0.901,0.916341
0.902,0.917198
0.903,0.918063
0.904,0.918936
0.905,0.919796
0.906,0.92066
0.907,0.921498
0.908,0.922392
0.909,0.923276
0.91,0.924134
0.911,0.924985
0.912,0.925842
0.913,0.926688
0.914,0.92754
0.915,0.928421
0.916,0.929264
0.917,0.930137
0.918,0.930997
0.919,0.931831
0.92,0.932684
0.921,0.933527
0.922,0.934388
0.923,0.935278
0.924,0.936134
0.925,0.937004
0.926,0.937825
0.927,0.938701
0.928,0.939574
0.929,0.940428
0.93,0.94129
0.931,0.94215
0.932,0.943009
0.933,0.943872
0.934,0.944732
0.935,0.945575
0.936,0.946473
0.937,0.947303
0.938,0.948153
0.939,0.949001
0.94,0.949816
0.941,0.950675
0.942,0.951514
0.943,0.952366
0.944,0.953222
0.945,0.954061
0.946,0.9549
0.947,0.955741
0.948,0.956576
0.949,0.957427
0.95,0.958255
0.951,0.959093
0.952,0.959924
0.953,0.960751
0.954,0.96158
0.955,0.962399
0.956,0.963224
0.957,0.964043
0.958,0.964918
0.959,0.965758
0.96,0.966617
0.961,0.967457
0.962,0.968288
0.963,0.969121
0.964,0.969971
0.965,0.9708
0.966,0.971651
0.967,0.972497
0.968,0.973345
0.969,0.974186
0.97,0.975054
0.971,0.975878
0.972,0.976739
0.973,0.977604
0.974,0.978426
0.975,0.979272
0.976,0.980068
0.977,0.98089
0.978,0.981746
0.979,0.982587
0.98,0.98341
0.981,0.98421
0.982,0.985052
0.983,0.985891
0.984,0.986729
0.985,0.987575
0.986,0.988413
0.987,0.989233
0.988,0.990072
0.989,0.990909
0.99,0.991734
0.991,0.992572
0.992,0.993399
0.993,0.994232
0.994,0.995065
0.995,0.995906
0.996,0.996704
0.997,0.997507
0.998,0.998358
0.999,0.999189
1,1
0.00932776,0.000533141
