0,0
0.001,8.03536e-06
0.002,0.000357586
0.003,0.000425878
0.004,0.000492182
0.005,0.000584581
0.006,0.0006529
0.007,0.000739303
0.008,0.000809589
0.009,0.000891953
0.01,0.00101852
0.011,0.00109282
0.012,0.00121133
0.013,0.00133383
0.014,0.00146236
0.015,0.00155276
0.016,0.00162709
0.017,0.00179981
0.018,0.00200875
0.019,0.00222172
0.02,0.00239245
0.021,0.00271595
0.022,0.00309356
0.023,0.00325827
0.024,0.00362187
0.025,0.00392729
0.026,0.00437723
0.027,0.00480098
0.028,0.00539558
0.029,0.00625158
0.03,0.00707907
0.031,0.00776402
0.032,0.00830848
0.033,0.00918416
0.034,0.0104337
0.035,0.0113477
0.036,0.0126782
0.037,0.0141084
0.038,0.0164532
0.039,0.0179765
0.04,0.0202685
0.041,0.0221746
0.042,0.0250554
0.043,0.0282249
0.044,0.0319175
0.045,0.0345811
0.046,0.0380516
0.047,0.0416854
0.048,0.0461359
0.049,0.0522266
0.05,0.0569714
0.051,0.0618763
0.052,0.0660823
0.053,0.0698125
0.054,0.0751084
0.055,0.080336
0.056,0.0866194
0.057,0.0917426
0.058,0.0963728
0.059,0.100599
0.06,0.105803
0.061,0.111141
0.062,0.116126
0.063,0.121173
0.064,0.126456
0.065,0.131152
0.066,0.136026
0.067,0.140703
0.068,0.145826
0.069,0.15086
0.07,0.154903
0.071,0.159242
0.072,0.163754
0.073,0.168581
0.074,0.173351
0.075,0.177916
0.076,0.18206
0.077,0.186671
0.078,0.190902
0.079,0.195261
0.08,0.199441
0.081,0.204046
0.082,0.2082
0.083,0.212109
0.084,0.216533
0.085,0.220589
0.086,0.224721
0.087,0.228998
0.088,0.233305
0.089,0.237508
0.09,0.241445
0.091,0.245477
0.092,0.249461
0.093,0.253554
0.094,0.257427
0.095,0.261413
0.096,0.265252
0.097,0.2694
0.098,0.273211
0.099,0.276895
0.1,0.280622
0.101,0.284318
0.102,0.28787
0.103,0.291717
0.104,0.295399
0.105,0.299049
0.106,0.302814
0.107,0.306356
0.108,0.309919
0.109,0.313272
0.11,0.316678
0.111,0.31982
0.112,0.323215
0.113,0.326381
0.114,0.329631
0.115,0.333062
0.116,0.336472
0.117,0.33979
0.118,0.343107
0.119,0.346305
0.12,0.349636
0.121,0.352737
0.122,0.355891
0.123,0.358917
0.124,0.362161
0.125,0.365309
0.126,0.368301
0.127,0.37125
0.128,0.374209
0.129,0.377146
0.13,0.38028
0.131,0.383228
0.132,0.386138
0.133,0.388913
0.134,0.391791
0.135,0.394606
0.136,0.397477
0.137,0.400257
0.138,0.40308
0.139,0.40593
0.14,0.408502
0.141,0.411228
0.142,0.413689
0.143,0.416276
0.144,0.418835
0.145,0.421407
0.146,0.424078
0.147,0.426746
0.148,0.429384
0.149,0.432162
0.15,0.434756
0.151,0.437289
0.152,0.43978
0.153,0.442313
0.154,0.444839
0.155,0.447428
0.156,0.449899
0.157,0.452348
0.158,0.454811
0.159,0.457219
0.16,0.459707
0.161,0.462077
0.162,0.464271
0.163,0.466493
0.164,0.468849
0.165,0.471083
0.166,0.473359
0.167,0.475639
0.168,0.47809
0.169,0.480412
0.17,0.482703
0.171,0.484949
0.172,0.48717
0.173,0.489352
0.174,0.491574
0.175,0.493706
0.176,0.495966
0.177,0.498081
0.178,0.500307
0.179,0.502517
0.18,0.504592
0.181,0.506627
0.182,0.508771
0.183,0.510826
0.184,0.512837
0.185,0.514908
0.186,0.516999
0.187,0.51904
0.188,0.520969
0.189,0.522841
0.19,0.524756
0.191,0.526608
0.192,0.52853
0.193,0.530399
0.194,0.532289
0.195,0.534155
0.196,0.536032
0.197,0.537876
0.198,0.53968
0.199,0.541568
0.2,0.543402
0.201,0.545194
0.202,0.547081
0.203,0.548873
0.204,0.550679
0.205,0.552547
0.206,0.554359
0.207,0.556066
0.208,0.557897
0.209,0.559522
0.21,0.561254
0.211,0.562967
0.212,0.564593
0.213,0.566286
0.214,0.568014
0.215,0.569718
0.216,0.571409
0.217,0.573113
0.218,0.574676
0.219,0.576212
0.22,0.577884
0.221,0.579461
0.222,0.581016
0.223,0.582707
0.224,0.584411
0.225,0.58592
0.226,0.587531
0.227,0.589162
0.228,0.590751
0.229,0.592322
0.23,0.593935
0.231,0.595486
0.232,0.597007
0.233,0.598588
0.234,0.600203
0.235,0.601884
0.236,0.603401
0.237,0.604854
0.238,0.606415
0.239,0.607935
0.24,0.609327
0.241,0.610802
0.242,0.612273
0.243,0.613725
0.244,0.61532
0.245,0.616738
0.246,0.618193
0.247,0.619679
0.248,0.621102
0.249,0.62243
0.25,0.623764
0.251,0.624999
0.252,0.626403
0.253,0.627719
0.254,0.629135
0.255,0.63058
0.256,0.631978
0.257,0.633292
0.258,0.634533
0.259,0.635911
0.26,0.637227
0.261,0.638489
0.262,0.639871
0.263,0.641161
0.264,0.642517
0.265,0.643921
0.266,0.645239
0.267,0.6465
0.268,0.64778
0.269,0.649043
0.27,0.650327
0.271,0.65151
0.272,0.652754
0.273,0.654051
0.274,0.655301
0.275,0.65652
0.276,0.657764
0.277,0.658937
0.278,0.660194
0.279,0.661359
0.28,0.662597
0.281,0.66379
0.282,0.664905
0.283,0.666063
0.284,0.667256
0.285,0.668431
0.286,0.669518
0.287,0.670707
0.288,0.671906
0.289,0.673037
0.29,0.674164
0.291,0.675301
0.292,0.676513
0.293,0.677682
0.294,0.678809
0.295,0.67991
0.296,0.681119
0.297,0.682248
0.298,0.683311
0.299,0.684406
0.3,0.685617
0.301,0.686776
0.302,0.687877
0.303,0.688984
0.304,0.690023
0.305,0.691138
0.306,0.6922
0.307,0.693313
0.308,0.694374
0.309,0.695517
0.31,0.696578
0.311,0.697615
0.312,0.698613
0.313,0.699644
0.314,0.700686
0.315,0.701725
0.316,0.702703
0.317,0.703744
0.318,0.704784
0.319,0.705819
0.32,0.706779
0.321,0.707826
0.322,0.708875
0.323,0.709827
0.324,0.710835
0.325,0.711924
0.326,0.712933
0.327,0.713871
0.328,0.714791
0.329,0.715763
0.33,0.716669
0.331,0.717656
0.332,0.718596
0.333,0.719466
0.334,0.720468
0.335,0.721408
0.336,0.722344
0.337,0.723317
0.338,0.724227
0.339,0.725173
0.34,0.726155
0.341,0.727103
0.342,0.727965
0.343,0.728787
0.344,0.729759
0.345,0.730693
0.346,0.731601
0.347,0.732522
0.348,0.733369
0.349,0.734265
0.35,0.735169
0.351,0.736029
0.352,0.736873
0.353,0.737713
0.354,0.738611
0.355,0.739565
0.356,0.740388
0.357,0.741208
0.358,0.742042
0.359,0.742914
0.36,0.743771
0.361,0.744696
0.362,0.745503
0.363,0.746345
0.364,0.747207
0.365,0.748062
0.366,0.748888
0.367,0.74976
0.368,0.75068
0.369,0.75148
0.37,0.752281
0.371,0.753083
0.372,0.753896
0.373,0.75471
0.374,0.755509
0.375,0.756283
0.376,0.757131
0.377,0.757906
0.378,0.758679
0.379,0.759491
0.38,0.760303
0.381,0.761201
0.382,0.762038
0.383,0.762884
0.384,0.763736
0.385,0.76459
0.386,0.765329
0.387,0.766141
0.388,0.76701
0.389,0.76788
0.39,0.768672
0.391,0.769395
0.392,0.770172
0.393,0.770944
0.394,0.771755
0.395,0.772469
0.396,0.773226
0.397,0.774028
0.398,0.774771
0.399,0.775514
0.4,0.776219
0.401,0.776963
0.402,0.777738
0.403,0.778493
0.404,0.779275
0.405,0.779994
0.406,0.780748
0.407,0.781523
0.408,0.78226
0.409,0.783004
0.41,0.783725
0.411,0.784434
0.412,0.785137
0.413,0.785866
0.414,0.786632
0.415,0.787276
0.416,0.788002
0.417,0.788751
0.418,0.789394
0.419,0.790143
0.42,0.790888
0.421,0.791587
0.422,0.79225
0.423,0.792935
0.424,0.793633
0.425,0.794307
0.426,0.795013
0.427,0.795732
0.428,0.796371
0.429,0.796989
0.43,0.797694
0.431,0.798375
0.432,0.799024
0.433,0.799699
0.434,0.800382
0.435,0.801061
0.436,0.801678
0.437,0.802311
0.438,0.802992
0.439,0.803633
0.44,0.80436
0.441,0.805057
0.442,0.805652
0.443,0.806307
0.444,0.807018
0.445,0.807669
0.446,0.808273
0.447,0.80897
0.448,0.809627
0.449,0.81023
0.45,0.810831
0.451,0.811508
0.452,0.812114
0.453,0.812709
0.454,0.813318
0.455,0.813872
0.456,0.814469
0.457,0.815114
0.458,0.81575
0.459,0.816429
0.46,0.817006
0.461,0.817617
0.462,0.818215
0.463,0.818874
0.464,0.819461
0.465,0.820074
0.466,0.820652
0.467,0.821257
0.468,0.821829
0.469,0.822468
0.47,0.823093
0.471,0.823668
0.472,0.824142
0.473,0.82471
0.474,0.825325
0.475,0.825954
0.476,0.826558
0.477,0.827139
0.478,0.82777
0.479,0.828308
0.48,0.828901
0.481,0.829502
0.482,0.830132
0.483,0.830671
0.484,0.831263
0.485,0.831914
0.486,0.832487
0.487,0.833084
0.488,0.83358
0.489,0.834116
0.49,0.834717
0.491,0.835315
0.492,0.835902
0.493,0.836483
0.494,0.837101
0.495,0.83765
0.496,0.838226
0.497,0.838725
0.498,0.839299
0.499,0.839868
0.5,0.840394
0.501,0.840991
0.502,0.841547
0.503,0.842062
0.504,0.842562
0.505,0.843092
0.506,0.843646
0.507,0.844209
0.508,0.844777
0.509,0.84533
0.51,0.845848
0.511,0.846403
0.512,0.846999
0.513,0.847467
0.514,0.847976
0.515,0.848508
0.516,0.849012
0.517,0.849569
0.518,0.850069
0.519,0.850553
0.52,0.851104
0.521,0.851608
0.522,0.852044
0.523,0.85261
0.524,0.853115
0.525,0.853623
0.526,0.854155
0.527,0.854645
0.528,0.855117
0.529,0.855575
0.53,0.856056
0.531,0.856554
0.532,0.857014
0.533,0.85753
0.534,0.858079
0.535,0.858609
0.536,0.859073
0.537,0.859597
0.538,0.860088
0.539,0.86054
0.54,0.86103
0.541,0.861488
0.542,0.861968
0.543,0.862484
0.544,0.863021
0.545,0.863521
0.546,0.864077
0.547,0.864495
0.548,0.865001
0.549,0.865496
0.55,0.865986
0.551,0.86645
0.552,0.866886
0.553,0.86737
0.554,0.86788
0.555,0.868384
0.556,0.868861
0.557,0.869264
0.558,0.869694
0.559,0.870138
0.56,0.870642
0.561,0.871165
0.562,0.871643
0.563,0.872119
0.564,0.872569
0.565,0.873079
0.566,0.873543
0.567,0.874022
0.568,0.87454
0.569,0.874944
0.57,0.8754
0.571,0.875838
0.572,0.876306
0.573,0.87676
0.574,0.877198
0.575,0.877626
0.576,0.878096
0.577,0.878594
0.578,0.879074
0.579,0.879518
0.58,0.87993
0.581,0.880372
0.582,0.880802
0.583,0.881214
0.584,0.881668
0.585,0.882091
0.586,0.882525
0.587,0.882955
0.588,0.883407
0.589,0.883843
0.59,0.884311
0.591,0.884731
0.592,0.885145
0.593,0.885575
0.594,0.885967
0.595,0.886406
0.596,0.886867
0.597,0.887278
0.598,0.88769
0.599,0.8881
0.6,0.888452
0.601,0.888815
0.602,0.889223
0.603,0.889599
0.604,0.889986
0.605,0.890442
0.606,0.890864
0.607,0.89127
0.608,0.89172
0.609,0.892062
0.61,0.892504
0.611,0.892954
0.612,0.893323
0.613,0.893719
0.614,0.894119
0.615,0.894534
0.616,0.89496
0.617,0.895358
0.618,0.895776
0.619,0.896206
0.62,0.89662
0.621,0.897086
0.622,0.897514
0.623,0.897901
0.624,0.898301
0.625,0.898715
0.626,0.899101
0.627,0.899505
0.628,0.89991
0.629,0.900284
0.63,0.900664
0.631,0.901114
0.632,0.901481
0.633,0.901867
0.634,0.902263
0.635,0.902638
0.636,0.903078
0.637,0.903464
0.638,0.90384
0.639,0.904242
0.64,0.904573
0.641,0.904945
0.642,0.905354
0.643,0.905766
0.644,0.906138
0.645,0.906544
0.646,0.906942
0.647,0.907269
0.648,0.907619
0.649,0.908024
0.65,0.90838
0.651,0.908782
0.652,0.90917
0.653,0.909555
0.654,0.909919
0.655,0.910288
0.656,0.910614
0.657,0.910994
0.658,0.911389
0.659,0.911735
0.66,0.912082
0.661,0.91245
0.662,0.912812
0.663,0.913213
0.664,0.913561
0.665,0.913912
0.666,0.914242
0.667,0.91461
0.668,0.914925
0.669,0.915277
0.67,0.915648
0.671,0.916014
0.672,0.916377
0.673,0.916771
0.674,0.917097
0.675,0.917478
0.676,0.917838
0.677,0.918179
0.678,0.918491
0.679,0.918816
0.68,0.919172
0.681,0.919487
0.682,0.919867
0.683,0.920224
0.684,0.92051
0.685,0.920859
0.686,0.921185
0.687,0.921516
0.688,0.921864
0.689,0.922211
0.69,0.922563
0.691,0.92292
0.692,0.923238
0.693,0.923597
0.694,0.923929
0.695,0.924258
0.696,0.924576
0.697,0.924871
0.698,0.925198
0.699,0.92548
0.7,0.925771
0.701,0.926088
0.702,0.926422
0.703,0.926777
0.704,0.927101
0.705,0.927436
0.706,0.927744
0.707,0.928097
0.708,0.928383
0.709,0.92869
0.71,0.929005
0.711,0.929325
0.712,0.929646
0.713,0.930028
0.714,0.930355
0.715,0.930687
0.716,0.93099
0.717,0.931291
0.718,0.931623
0.719,0.931942
0.72,0.932268
0.721,0.932619
0.722,0.932927
0.723,0.93323
0.724,0.933541
0.725,0.933867
0.726,0.934156
0.727,0.934478
0.728,0.934803
0.729,0.935112
0.73,0.935438
0.731,0.935731
0.732,0.936053
0.733,0.93636
0.734,0.936631
0.735,0.936953
0.736,0.937244
0.737,0.937543
0.738,0.937842
0.739,0.938116
0.74,0.938385
0.741,0.938706
0.742,0.93903
0.743,0.939383
0.744,0.939717
0.745,0.940024
0.746,0.940333
0.747,0.940613
0.748,0.940914
0.749,0.941187
0.75,0.941513
0.751,0.94181
0.752,0.942123
0.753,0.942457
0.754,0.942764
0.755,0.943063
0.756,0.943355
0.757,0.943662
0.758,0.943959
0.759,0.944301
0.76,0.944598
0.761,0.944938
0.762,0.945227
0.763,0.945508
0.764,0.945769
0.765,0.946047
0.766,0.946338
0.767,0.946577
0.768,0.94681
0.769,0.947164
0.77,0.947421
0.771,0.947708
0.772,0.948003
0.773,0.948283
0.774,0.948568
0.775,0.948861
0.776,0.94908
0.777,0.949361
0.778,0.949605
0.779,0.949906
0.78,0.950165
0.781,0.950368
0.782,0.950645
0.783,0.95087
0.784,0.951115
0.785,0.951415
0.786,0.951704
0.787,0.952001
0.788,0.952262
0.789,0.952536
0.79,0.952835
0.791,0.95308
0.792,0.953371
0.793,0.953687
0.794,0.953984
0.795,0.954235
0.796,0.954512
0.797,0.954796
0.798,0.955067
0.799,0.955338
0.8,0.955581
0.801,0.955842
0.802,0.956112
0.803,0.956405
0.804,0.95668
0.805,0.956899
0.806,0.957136
0.807,0.957385
0.808,0.95764
0.809,0.957881
0.81,0.958135
0.811,0.958392
0.812,0.958659
0.813,0.958926
0.814,0.959131
0.815,0.959398
0.816,0.959619
0.817,0.959858
0.818,0.960097
0.819,0.96037
0.82,0.960668
0.821,0.960925
0.822,0.961176
0.823,0.961453
0.824,0.961678
0.825,0.961921
0.826,0.9622
0.827,0.962436
0.828,0.962655
0.829,0.962898
0.83,0.963147
0.831,0.96342
0.832,0.963671
0.833,0.963882
0.834,0.964093
0.835,0.96431
0.836,0.964523
0.837,0.96477
0.838,0.965013
0.839,0.965236
0.84,0.965477
0.841,0.96571
0.842,0.965961
0.843,0.966232
0.844,0.966441
0.845,0.966654
0.846,0.966891
0.847,0.967132
0.848,0.967359
0.849,0.9676
0.85,0.967836
0.851,0.968087
0.852,0.968332
0.853,0.968601
0.854,0.96884
0.855,0.969117
0.856,0.969356
0.857,0.969573
0.858,0.969824
0.859,0.970073
0.86,0.970306
0.861,0.970543
0.862,0.970766
0.863,0.971022
0.864,0.971249
0.865,0.971478
0.866,0.971733
0.867,0.972008
0.868,0.972233
0.869,0.972512
0.87,0.972755
0.871,0.973022
0.872,0.973243
0.873,0.973472
0.874,0.973649
0.875,0.973848
0.876,0.974091
0.877,0.97432
0.878,0.974543
0.879,0.974766
0.88,0.975007
0.881,0.975244
0.882,0.975427
0.883,0.975684
0.884,0.975948
0.885,0.976148
0.886,0.976412
0.887,0.976681
0.888,0.97693
0.889,0.977151
0.89,0.977392
0.891,0.977623
0.892,0.977888
0.893,0.978133
0.894,0.978384
0.895,0.978567
0.896,0.978766
0.897,0.978987
0.898,0.979238
0.899,0.979445
0.9,0.979648
0.901,0.979887
0.902,0.980108
0.903,0.980351
0.904,0.980598
0.905,0.980833
0.906,0.98106
0.907,0.981263
0.908,0.981534
0.909,0.981749
0.91,0.981978
0.911,0.982171
0.912,0.982362
0.913,0.982607
0.914,0.982836
0.915,0.983051
0.916,0.983266
0.917,0.983469
0.918,0.983668
0.919,0.983891
0.92,0.984116
0.921,0.984292
0.922,0.984527
0.923,0.984722
0.924,0.984907
0.925,0.985146
0.926,0.985365
0.927,0.985592
0.928,0.985809
0.929,0.986026
0.93,0.986241
0.931,0.986488
0.932,0.986707
0.933,0.986954
0.934,0.987167
0.935,0.987372
0.936,0.987573
0.937,0.987764
0.938,0.987995
0.939,0.988178
0.94,0.988362
0.941,0.988539
0.942,0.98875
0.943,0.988961
0.944,0.98917
0.945,0.989347
0.946,0.989502
0.947,0.989715
0.948,0.989893
0.949,0.99007
0.95,0.990269
0.951,0.990452
0.952,0.990675
0.953,0.990914
0.954,0.991121
0.955,0.99133
0.956,0.991518
0.957,0.991729
0.958,0.991924
0.959,0.992113
0.96,0.992316
0.961,0.992527
0.962,0.99269
0.963,0.992887
0.964,0.993077
0.965,0.99326
0.966,0.993447
0.967,0.993622
0.968,0.993791
0.969,0.994028
0.97,0.994224
0.971,0.994429
0.972,0.994646
0.973,0.994885
0.974,0.99506
0.975,0.995233
0.976,0.995412
0.977,0.995586
0.978,0.995777
0.979,0.995974
0.98,0.996157
0.981,0.996352
0.982,0.996561
0.983,0.996752
0.984,0.996942
0.985,0.997131
0.986,0.99734
0.987,0.997533
0.988,0.99773
0.989,0.997923
0.99,0.998106
0.991,0.998319
0.992,0.998521
0.993,0.998738
0.994,0.998937
0.995,0.999098
0.996,0.999277
0.997,0.999466
0.998,0.999638
0.999,0.999835
1,1
0.0376685,0.0149642
