0,0.02
0.01,0.0201751
0.02,0.0212375
0.03,0.03003
0.04,0.046169
0.05,0.0674766
0.06,0.0915544
0.07,0.117131
0.08,0.143276
0.09,0.169294
0.1,0.194893
0.11,0.21991
0.12,0.244183
0.13,0.267703
0.14,0.290436
0.15,0.31233
0.16,0.333494
0.17,0.353919
0.18,0.373605
0.19,0.392575
0.2,0.410887
0.21,0.428553
0.22,0.445578
0.23,0.462034
0.24,0.477961
0.25,0.493356
0.26,0.508269
0.27,0.522708
0.28,0.536715
0.29,0.55026
0.3,0.563435
0.31,0.576202
0.32,0.588576
0.33,0.600634
0.34,0.612337
0.35,0.623714
0.36,0.634796
0.37,0.645582
0.38,0.656092
0.39,0.666349
0.4,0.676362
0.41,0.686064
0.42,0.69556
0.43,0.704845
0.44,0.713894
0.45,0.722713
0.46,0.731318
0.47,0.739745
0.48,0.747992
0.49,0.75606
0.5,0.763932
0.51,0.771644
0.52,0.779207
0.53,0.786595
0.54,0.793821
0.55,0.800934
0.56,0.807871
0.57,0.814671
0.58,0.821335
0.59,0.827867
0.6,0.83428
0.61,0.840575
0.62,0.84679
0.63,0.852841
0.64,0.858797
0.65,0.864652
0.66,0.870391
0.67,0.876039
0.68,0.881586
0.69,0.887024
0.7,0.892393
0.71,0.897686
0.72,0.902865
0.73,0.907954
0.74,0.912989
0.75,0.917916
0.76,0.922781
0.77,0.927563
0.78,0.932267
0.79,0.936916
0.8,0.941477
0.81,0.945979
0.82,0.950408
0.83,0.954747
0.84,0.959021
0.85,0.963245
0.86,0.967414
0.87,0.97151
0.88,0.975566
0.89,0.979549
0.9,0.983479
0.91,0.987353
0.92,0.991165
0.93,0.994948
0.94,0.998685
0.95,1.00237
0.96,1.00599
0.97,1.00956
0.98,1.01308
0.99,1.01656
1,1.02