0,0.02
0.00100001,0.0200035
0.00200002,0.0200071
0.00300003,0.0200112
0.00400001,0.0200152
0.00500002,0.0200196
0.00600003,0.0200251
0.007,0.0200326
0.00800001,0.02004
0.00900002,0.0200483
0.01,0.0200585
0.011,0.0200733
0.012,0.0200903
0.013,0.0201226
0.014,0.0201662
0.015,0.0202026
0.016,0.0202755
0.017,0.020439
0.018,0.0206241
0.019,0.020876
0.02,0.021239
0.021,0.0216776
0.022,0.0222707
0.023,0.0228986
0.024,0.0236628
0.025,0.0244811
0.026,0.025369
0.027,0.02635
0.028,0.0273999
0.029,0.0285433
0.03,0.0297278
0.031,0.0309952
0.032,0.0323427
0.033,0.0337671
0.034,0.035253
0.035,0.0368224
0.036,0.0384475
0.037,0.0401452
0.038,0.0418766
0.039,0.0436873
0.04,0.0455557
0.041,0.0474752
0.042,0.0494606
0.043,0.0514814
0.044,0.0535418
0.045,0.0556323
0.046,0.057763
0.047,0.0599369
0.048,0.0621386
0.049,0.0643805
0.05,0.0666689
0.051,0.0689648
0.052,0.0712995
0.053,0.073651
0.054,0.0760346
0.055,0.0784227
0.056,0.0808507
0.057,0.0833093
0.058,0.0857713
0.059,0.0882522
0.06,0.090748
0.061,0.0932648
0.062,0.0957766
0.063,0.0983174
0.064,0.100867
0.065,0.103425
0.066,0.106001
0.067,0.108586
0.068,0.111165
0.069,0.113769
0.07,0.116373
0.071,0.118969
0.072,0.121584
0.073,0.12419
0.074,0.126813
0.075,0.12943
0.076,0.132046
0.077,0.134659
0.078,0.137281
0.079,0.139895
0.08,0.142514
0.081,0.145133
0.082,0.147751
0.083,0.150364
0.084,0.15297
0.085,0.155579
0.086,0.158195
0.087,0.160803
0.088,0.163412
0.089,0.166017
0.09,0.168616
0.091,0.171216
0.092,0.173807
0.093,0.176393
0.094,0.178964
0.095,0.181541
0.096,0.184107
0.097,0.186669
0.098,0.189233
0.099,0.191785
0.1,0.194335
0.101,0.196871
0.102,0.199408
0.103,0.201927
0.104,0.204446
0.105,0.20696
0.106,0.209465
0.107,0.211962
0.108,0.214454
0.109,0.216941
0.11,0.219424
0.111,0.221896
0.112,0.22436
0.113,0.226824
0.114,0.229273
0.115,0.231712
0.116,0.234149
0.117,0.23657
0.118,0.238986
0.119,0.241397
0.12,0.243804
0.121,0.246195
0.122,0.24858
0.123,0.250965
0.124,0.253333
0.125,0.255698
0.126,0.258049
0.127,0.260394
0.128,0.262733
0.129,0.265064
0.13,0.267381
0.131,0.269698
0.132,0.272008
0.133,0.27431
0.134,0.276604
0.135,0.278876
0.136,0.281151
0.137,0.283415
0.138,0.285675
0.139,0.28792
0.14,0.290161
0.141,0.292389
0.142,0.294617
0.143,0.296839
0.144,0.299052
0.145,0.301247
0.146,0.303439
0.147,0.305625
0.148,0.307808
0.149,0.309979
0.15,0.312139
0.151,0.314295
0.152,0.316442
0.153,0.31858
0.154,0.320712
0.155,0.322835
0.156,0.324951
0.157,0.327059
0.158,0.329153
0.159,0.331245
0.16,0.333331
0.161,0.335412
0.162,0.337482
0.163,0.339544
0.164,0.341599
0.165,0.343645
0.166,0.345686
0.167,0.347728
0.168,0.349754
0.169,0.351774
0.17,0.353783
0.171,0.355782
0.172,0.357778
0.173,0.359767
0.174,0.36175
0.175,0.363723
0.176,0.365686
0.177,0.367644
0.178,0.369594
0.179,0.37154
0.18,0.373479
0.181,0.375407
0.182,0.37733
0.183,0.379249
0.184,0.381156
0.185,0.383061
0.186,0.384955
0.187,0.386844
0.188,0.388723
0.189,0.390599
0.19,0.392471
0.191,0.394333
0.192,0.396185
0.193,0.398032
0.194,0.399872
0.195,0.401704
0.196,0.403534
0.197,0.405354
0.198,0.407169
0.199,0.408981
0.2,0.410783
0.201,0.412584
0.202,0.414371
0.203,0.416157
0.204,0.417936
0.205,0.419708
0.206,0.421474
0.207,0.423231
0.208,0.424984
0.209,0.426733
0.21,0.428474
0.211,0.430208
0.212,0.43194
0.213,0.433662
0.214,0.435375
0.215,0.437081
0.216,0.438785
0.217,0.440483
0.218,0.442177
0.219,0.443862
0.22,0.445542
0.221,0.44722
0.222,0.448891
0.223,0.450549
0.224,0.45221
0.225,0.453861
0.226,0.455507
0.227,0.45715
0.228,0.458779
0.229,0.460414
0.23,0.462037
0.231,0.463657
0.232,0.465269
0.233,0.466876
0.234,0.46848
0.235,0.470074
0.236,0.471667
0.237,0.473252
0.238,0.474832
0.239,0.476406
0.24,0.477977
0.241,0.479546
0.242,0.481105
0.243,0.482655
0.244,0.484203
0.245,0.485749
0.246,0.487286
0.247,0.488819
0.248,0.490346
0.249,0.49187
0.25,0.493388
0.251,0.494904
0.252,0.496415
0.253,0.497919
0.254,0.499416
0.255,0.50091
0.256,0.5024
0.257,0.503884
0.258,0.505366
0.259,0.506841
0.26,0.508314
0.261,0.509779
0.262,0.511243
0.263,0.5127
0.264,0.514154
0.265,0.515602
0.266,0.517044
0.267,0.518483
0.268,0.519916
0.269,0.521345
0.27,0.52277
0.271,0.524188
0.272,0.525605
0.273,0.527017
0.274,0.528426
0.275,0.529828
0.276,0.531226
0.277,0.532619
0.278,0.534007
0.279,0.535394
0.28,0.536771
0.281,0.538147
0.282,0.539521
0.283,0.540889
0.284,0.542248
0.285,0.543607
0.286,0.544961
0.287,0.546313
0.288,0.547661
0.289,0.549003
0.29,0.550341
0.291,0.55167
0.292,0.552998
0.293,0.55432
0.294,0.555638
0.295,0.556954
0.296,0.558266
0.297,0.559575
0.298,0.56088
0.299,0.562178
0.3,0.563475
0.301,0.56477
0.302,0.566063
0.303,0.567348
0.304,0.568632
0.305,0.569912
0.306,0.571188
0.307,0.572459
0.308,0.573725
0.309,0.574991
0.31,0.576252
0.311,0.577505
0.312,0.57876
0.313,0.580008
0.314,0.581251
0.315,0.582491
0.316,0.58373
0.317,0.584966
0.318,0.586195
0.319,0.587419
0.32,0.588644
0.321,0.589862
0.322,0.591079
0.323,0.592292
0.324,0.593499
0.325,0.594707
0.326,0.59591
0.327,0.59711
0.328,0.598306
0.329,0.599499
0.33,0.600689
0.331,0.601874
0.332,0.603057
0.333,0.604236
0.334,0.605412
0.335,0.606587
0.336,0.607756
0.337,0.608924
0.338,0.610087
0.339,0.611242
0.34,0.612397
0.341,0.613549
0.342,0.614699
0.343,0.615843
0.344,0.616985
0.345,0.618126
0.346,0.619263
0.347,0.620398
0.348,0.621529
0.349,0.622655
0.35,0.623781
0.351,0.6249
0.352,0.626016
0.353,0.627132
0.354,0.628242
0.355,0.629352
0.356,0.630459
0.357,0.631563
0.358,0.632666
0.359,0.633764
0.36,0.634858
0.361,0.63595
0.362,0.637036
0.363,0.638124
0.364,0.639207
0.365,0.640289
0.366,0.641366
0.367,0.642442
0.368,0.643512
0.369,0.644582
0.37,0.645646
0.371,0.646707
0.372,0.647765
0.373,0.648821
0.374,0.649878
0.375,0.65093
0.376,0.651978
0.377,0.653026
0.378,0.654068
0.379,0.655105
0.38,0.656146
0.381,0.65718
0.382,0.658213
0.383,0.659245
0.384,0.660273
0.385,0.661298
0.386,0.662318
0.387,0.663339
0.388,0.664356
0.389,0.665369
0.39,0.66638
0.391,0.667388
0.392,0.668397
0.393,0.6694
0.394,0.6704
0.395,0.671397
0.396,0.672393
0.397,0.673389
0.398,0.67438
0.399,0.675369
0.4,0.676355
0.401,0.677338
0.402,0.678321
0.403,0.679296
0.404,0.680275
0.405,0.68125
0.406,0.682223
0.407,0.683194
0.408,0.68416
0.409,0.685123
0.41,0.686081
0.411,0.68704
0.412,0.687998
0.413,0.688955
0.414,0.689905
0.415,0.690854
0.416,0.691803
0.417,0.692748
0.418,0.693691
0.419,0.694632
0.42,0.695569
0.421,0.696506
0.422,0.69744
0.423,0.698371
0.424,0.6993
0.425,0.700227
0.426,0.701154
0.427,0.702076
0.428,0.702998
0.429,0.703913
0.43,0.704831
0.431,0.705744
0.432,0.706657
0.433,0.707566
0.434,0.708471
0.435,0.709376
0.436,0.710276
0.437,0.711175
0.438,0.712073
0.439,0.712969
0.44,0.713866
0.441,0.714758
0.442,0.715649
0.443,0.716534
0.444,0.717419
0.445,0.718299
0.446,0.719181
0.447,0.720059
0.448,0.720938
0.449,0.721815
0.45,0.72269
0.451,0.723562
0.452,0.724431
0.453,0.725298
0.454,0.726164
0.455,0.727026
0.456,0.727889
0.457,0.728751
0.458,0.729608
0.459,0.730463
0.46,0.731312
0.461,0.732161
0.462,0.73301
0.463,0.733858
0.464,0.734703
0.465,0.73555
0.466,0.736394
0.467,0.737234
0.468,0.738073
0.469,0.738907
0.47,0.739739
0.471,0.74057
0.472,0.7414
0.473,0.742228
0.474,0.743054
0.475,0.74388
0.476,0.744704
0.477,0.745526
0.478,0.746345
0.479,0.747163
0.48,0.747978
0.481,0.748792
0.482,0.749602
0.483,0.750413
0.484,0.751221
0.485,0.752029
0.486,0.752832
0.487,0.753634
0.488,0.754432
0.489,0.755232
0.49,0.756029
0.491,0.756826
0.492,0.757622
0.493,0.758415
0.494,0.759204
0.495,0.759995
0.496,0.760781
0.497,0.761567
0.498,0.76235
0.499,0.763133
0.5,0.763913
0.501,0.764693
0.502,0.765466
0.503,0.766241
0.504,0.767016
0.505,0.767788
0.506,0.768557
0.507,0.769325
0.508,0.770093
0.509,0.770858
0.51,0.771623
0.511,0.772384
0.512,0.773145
0.513,0.773905
0.514,0.774661
0.515,0.775419
0.516,0.776175
0.517,0.776925
0.518,0.777673
0.519,0.778421
0.52,0.77917
0.521,0.779914
0.522,0.780657
0.523,0.781399
0.524,0.782139
0.525,0.782877
0.526,0.783617
0.527,0.784355
0.528,0.785088
0.529,0.785821
0.53,0.786553
0.531,0.787284
0.532,0.788013
0.533,0.788741
0.534,0.789467
0.535,0.790192
0.536,0.790915
0.537,0.791639
0.538,0.792357
0.539,0.793074
0.54,0.793791
0.541,0.794508
0.542,0.795221
0.543,0.795933
0.544,0.796643
0.545,0.797355
0.546,0.798063
0.547,0.79877
0.548,0.799477
0.549,0.800184
0.55,0.800887
0.551,0.801585
0.552,0.802284
0.553,0.802984
0.554,0.803682
0.555,0.804379
0.556,0.805076
0.557,0.805769
0.558,0.806461
0.559,0.80715
0.56,0.807839
0.561,0.808529
0.562,0.809216
0.563,0.809902
0.564,0.810585
0.565,0.811267
0.566,0.811946
0.567,0.812623
0.568,0.813299
0.569,0.813975
0.57,0.814648
0.571,0.815323
0.572,0.815996
0.573,0.816667
0.574,0.817337
0.575,0.818005
0.576,0.818671
0.577,0.819335
0.578,0.819999
0.579,0.820663
0.58,0.821324
0.581,0.821986
0.582,0.822643
0.583,0.823301
0.584,0.823958
0.585,0.824616
0.586,0.82527
0.587,0.825923
0.588,0.826576
0.589,0.827227
0.59,0.827877
0.591,0.828526
0.592,0.829171
0.593,0.829817
0.594,0.830462
0.595,0.831103
0.596,0.831744
0.597,0.832383
0.598,0.833021
0.599,0.83366
0.6,0.834296
0.601,0.834932
0.602,0.835567
0.603,0.8362
0.604,0.836834
0.605,0.837463
0.606,0.838094
0.607,0.838724
0.608,0.83935
0.609,0.839975
0.61,0.840599
0.611,0.841221
0.612,0.841843
0.613,0.842464
0.614,0.843086
0.615,0.843705
0.616,0.844323
0.617,0.84494
0.618,0.845555
0.619,0.846171
0.62,0.846787
0.621,0.8474
0.622,0.848011
0.623,0.848623
0.624,0.849234
0.625,0.849841
0.626,0.850449
0.627,0.851055
0.628,0.851659
0.629,0.852262
0.63,0.852863
0.631,0.853463
0.632,0.854065
0.633,0.854664
0.634,0.855262
0.635,0.855858
0.636,0.856452
0.637,0.857047
0.638,0.857639
0.639,0.858232
0.64,0.858823
0.641,0.859414
0.642,0.860001
0.643,0.860589
0.644,0.861178
0.645,0.861761
0.646,0.862348
0.647,0.86293
0.648,0.863512
0.649,0.864092
0.65,0.864672
0.651,0.865252
0.652,0.865832
0.653,0.86641
0.654,0.866987
0.655,0.867562
0.656,0.868136
0.657,0.868709
0.658,0.869282
0.659,0.869853
0.66,0.870424
0.661,0.870992
0.662,0.871558
0.663,0.872127
0.664,0.872693
0.665,0.873257
0.666,0.873822
0.667,0.874386
0.668,0.874948
0.669,0.875508
0.67,0.876068
0.671,0.876627
0.672,0.877184
0.673,0.877742
0.674,0.878298
0.675,0.878853
0.676,0.879409
0.677,0.879962
0.678,0.880516
0.679,0.881069
0.68,0.881619
0.681,0.882169
0.682,0.882719
0.683,0.883267
0.684,0.883814
0.685,0.884358
0.686,0.884904
0.687,0.885448
0.688,0.885992
0.689,0.886533
0.69,0.887075
0.691,0.887614
0.692,0.888152
0.693,0.888688
0.694,0.889224
0.695,0.889763
0.696,0.8903
0.697,0.890833
0.698,0.891364
0.699,0.891897
0.7,0.892429
0.701,0.892962
0.702,0.893493
0.703,0.894023
0.704,0.894552
0.705,0.89508
0.706,0.895607
0.707,0.896132
0.708,0.896658
0.709,0.89718
0.71,0.897703
0.711,0.898225
0.712,0.898747
0.713,0.899268
0.714,0.899787
0.715,0.900305
0.716,0.900823
0.717,0.901341
0.718,0.901858
0.719,0.902372
0.72,0.902887
0.721,0.9034
0.722,0.903912
0.723,0.904425
0.724,0.904935
0.725,0.905447
0.726,0.905958
0.727,0.906468
0.728,0.906975
0.729,0.907482
0.73,0.907987
0.731,0.908491
0.732,0.908995
0.733,0.909498
0.734,0.910004
0.735,0.910507
0.736,0.91101
0.737,0.911507
0.738,0.912007
0.739,0.912505
0.74,0.913002
0.741,0.913499
0.742,0.913996
0.743,0.914488
0.744,0.914983
0.745,0.915476
0.746,0.915968
0.747,0.91646
0.748,0.91695
0.749,0.917441
0.75,0.917931
0.751,0.91842
0.752,0.918906
0.753,0.919394
0.754,0.91988
0.755,0.920364
0.756,0.92085
0.757,0.921334
0.758,0.921819
0.759,0.922301
0.76,0.922785
0.761,0.923266
0.762,0.923747
0.763,0.924226
0.764,0.924706
0.765,0.925183
0.766,0.92566
0.767,0.926136
0.768,0.92661
0.769,0.927085
0.77,0.927558
0.771,0.92803
0.772,0.928503
0.773,0.928974
0.774,0.929445
0.775,0.929915
0.776,0.930385
0.777,0.930853
0.778,0.931323
0.779,0.931791
0.78,0.932258
0.781,0.932724
0.782,0.93319
0.783,0.933656
0.784,0.934119
0.785,0.934581
0.786,0.935044
0.787,0.935505
0.788,0.935966
0.789,0.936427
0.79,0.936888
0.791,0.937348
0.792,0.937808
0.793,0.938265
0.794,0.938722
0.795,0.939177
0.796,0.939631
0.797,0.940085
0.798,0.940537
0.799,0.940991
0.8,0.941442
0.801,0.941894
0.802,0.942345
0.803,0.942797
0.804,0.943249
0.805,0.9437
0.806,0.944147
0.807,0.944595
0.808,0.945042
0.809,0.945488
0.81,0.945937
0.811,0.946382
0.812,0.946827
0.813,0.947269
0.814,0.947712
0.815,0.948154
0.816,0.948596
0.817,0.949037
0.818,0.949479
0.819,0.949917
0.82,0.950357
0.821,0.950795
0.822,0.951233
0.823,0.95167
0.824,0.952107
0.825,0.95254
0.826,0.952975
0.827,0.953409
0.828,0.95384
0.829,0.954274
0.83,0.954706
0.831,0.955138
0.832,0.955571
0.833,0.956001
0.834,0.95643
0.835,0.95686
0.836,0.957289
0.837,0.957719
0.838,0.958146
0.839,0.958573
0.84,0.958999
0.841,0.959424
0.842,0.959849
0.843,0.960272
0.844,0.960696
0.845,0.961118
0.846,0.961541
0.847,0.961961
0.848,0.962384
0.849,0.962805
0.85,0.963225
0.851,0.963644
0.852,0.964063
0.853,0.964481
0.854,0.964899
0.855,0.965318
0.856,0.965734
0.857,0.966152
0.858,0.966567
0.859,0.966982
0.86,0.967396
0.861,0.96781
0.862,0.968223
0.863,0.968635
0.864,0.969048
0.865,0.969459
0.866,0.969871
0.867,0.970279
0.868,0.970688
0.869,0.971095
0.87,0.971506
0.871,0.971914
0.872,0.972322
0.873,0.972729
0.874,0.973136
0.875,0.973541
0.876,0.973947
0.877,0.974349
0.878,0.974753
0.879,0.975156
0.88,0.975558
0.881,0.97596
0.882,0.976361
0.883,0.976761
0.884,0.977159
0.885,0.977557
0.886,0.977955
0.887,0.978353
0.888,0.978752
0.889,0.97915
0.89,0.979548
0.891,0.979944
0.892,0.98034
0.893,0.980736
0.894,0.981131
0.895,0.981523
0.896,0.981914
0.897,0.982306
0.898,0.982698
0.899,0.983088
0.9,0.983481
0.901,0.983871
0.902,0.984261
0.903,0.984649
0.904,0.985037
0.905,0.985428
0.906,0.985817
0.907,0.986202
0.908,0.98659
0.909,0.986974
0.91,0.98736
0.911,0.987745
0.912,0.988129
0.913,0.988514
0.914,0.988899
0.915,0.989281
0.916,0.989663
0.917,0.990045
0.918,0.990428
0.919,0.990808
0.92,0.991189
0.921,0.991569
0.922,0.991947
0.923,0.992324
0.924,0.992704
0.925,0.993082
0.926,0.993458
0.927,0.993834
0.928,0.99421
0.929,0.994586
0.93,0.994962
0.931,0.995335
0.932,0.995709
0.933,0.996082
0.934,0.996455
0.935,0.996827
0.936,0.9972
0.937,0.997571
0.938,0.997941
0.939,0.998311
0.94,0.99868
0.941,0.99905
0.942,0.999419
0.943,0.999787
0.944,1.00015
0.945,1.00052
0.946,1.00089
0.947,1.00126
0.948,1.00162
0.949,1.00199
0.95,1.00235
0.951,1.00272
0.952,1.00308
0.953,1.00345
0.954,1.00381
0.955,1.00417
0.956,1.00454
0.957,1.0049
0.958,1.00526
0.959,1.00562
0.96,1.00598
0.961,1.00634
0.962,1.0067
0.963,1.00706
0.964,1.00741
0.965,1.00777
0.966,1.00813
0.967,1.00848
0.968,1.00884
0.969,1.0092
0.97,1.00955
0.971,1.00991
0.972,1.01027
0.973,1.01062
0.974,1.01097
0.975,1.01133
0.976,1.01168
0.977,1.01203
0.978,1.01238
0.979,1.01274
0.98,1.01309
0.981,1.01344
0.982,1.01378
0.983,1.01414
0.984,1.01448
0.985,1.01483
0.986,1.01518
0.987,1.01553
0.988,1.01587
0.989,1.01622
0.99,1.01656
0.991,1.01691
0.992,1.01726
0.993,1.0176
0.994,1.01794
0.995,1.01829
0.996,1.01863
0.997,1.01897
0.998,1.01932
0.999,1.01966
1,1.02
4.67083e-310,44.9539