0,0
0.01,2.46124e-05
0.02,0.00253548
0.03,0.00414371
0.04,0.0068021
0.05,0.0110211
0.06,0.0167392
0.07,0.0240312
0.08,0.0350918
0.09,0.0452341
0.1,0.0565705
0.11,0.0673498
0.12,0.0783249
0.13,0.0900285
0.14,0.100675
0.15,0.112197
0.16,0.124749
0.17,0.136878
0.18,0.149124
0.19,0.161328
0.2,0.173635
0.21,0.185737
0.22,0.1978
0.23,0.20985
0.24,0.22197
0.25,0.234239
0.26,0.24592
0.27,0.25785
0.28,0.269365
0.29,0.281721
0.3,0.293756
0.31,0.3059
0.32,0.318167
0.33,0.330079
0.34,0.341844
0.35,0.353704
0.36,0.365552
0.37,0.377363
0.38,0.389084
0.39,0.400647
0.4,0.411706
0.41,0.422802
0.42,0.434411
0.43,0.445701
0.44,0.456537
0.45,0.467724
0.46,0.478856
0.47,0.489976
0.48,0.500647
0.49,0.511598
0.5,0.52248
0.51,0.533336
0.52,0.544042
0.53,0.554427
0.54,0.565337
0.55,0.575724
0.56,0.586014
0.57,0.596528
0.58,0.606984
0.59,0.617245
0.6,0.627845
0.61,0.638302
0.62,0.648359
0.63,0.658546
0.64,0.66881
0.65,0.678983
0.66,0.689121
0.67,0.699416
0.68,0.709247
0.69,0.718943
0.7,0.728682
0.71,0.7384
0.72,0.74787
0.73,0.757476
0.74,0.766944
0.75,0.776404
0.76,0.785808
0.77,0.79531
0.78,0.804732
0.79,0.813827
0.8,0.82336
0.81,0.83246
0.82,0.841841
0.83,0.851034
0.84,0.860358
0.85,0.869637
0.86,0.878318
0.87,0.887206
0.88,0.896101
0.89,0.904968
0.9,0.913636
0.91,0.922512
0.92,0.93103
0.93,0.939908
0.94,0.948455
0.95,0.957204
0.96,0.965787
0.97,0.974667
0.98,0.983179
0.99,0.991751
1,1
3.14985e-06,5.00563e-06
