0,0
0.001,7.57576e-05
0.002,0.00270355
0.003,0.00288461
0.004,0.00306437
0.005,0.00324426
0.006,0.0034262
0.007,0.0036838
0.008,0.00386128
0.009,0.00399057
0.01,0.00409171
0.011,0.00430192
0.012,0.00453547
0.013,0.00484665
0.014,0.00494741
0.015,0.00513389
0.016,0.00526219
0.017,0.00541532
0.018,0.00551611
0.019,0.00564548
0.02,0.00585082
0.021,0.00603182
0.022,0.00636791
0.023,0.00657686
0.024,0.00673324
0.025,0.00691477
0.026,0.00717151
0.027,0.00737936
0.028,0.00766123
0.029,0.00784276
0.03,0.00805179
0.031,0.00826089
0.032,0.00833797
0.033,0.0085721
0.034,0.00877508
0.035,0.00895673
0.036,0.00921639
0.037,0.00942115
0.038,0.00959981
0.039,0.00990722
0.04,0.00998374
0.041,0.0102165
0.042,0.0105228
0.043,0.0107903
0.044,0.0109957
0.045,0.0112548
0.046,0.0114356
0.047,0.0115911
0.048,0.0116971
0.049,0.0122934
0.05,0.0126817
0.051,0.0129138
0.052,0.0131729
0.053,0.0135362
0.054,0.0138741
0.055,0.0141559
0.056,0.0146312
0.057,0.0149129
0.058,0.0154414
0.059,0.0156739
0.06,0.0161413
0.061,0.0164539
0.062,0.0165059
0.063,0.0169423
0.064,0.0171263
0.065,0.0174371
0.066,0.0182557
0.067,0.0186402
0.068,0.0187178
0.069,0.018979
0.07,0.0192937
0.071,0.0194195
0.072,0.0197042
0.073,0.0199092
0.074,0.0204948
0.075,0.0209975
0.076,0.0211776
0.077,0.0216867
0.078,0.0222619
0.079,0.0227742
0.08,0.0231045
0.081,0.023391
0.082,0.0241357
0.083,0.0243721
0.084,0.0245557
0.085,0.0248391
0.086,0.025322
0.087,0.0258258
0.088,0.0263503
0.089,0.0268909
0.09,0.0269418
0.091,0.0271748
0.092,0.0280459
0.093,0.0286403
0.094,0.0290272
0.095,0.0295782
0.096,0.0302331
0.097,0.0304914
0.098,0.0305678
0.099,0.031156
0.1,0.0314409
0.101,0.0320334
0.102,0.0327311
0.103,0.0329402
0.104,0.0333506
0.105,0.0335541
0.106,0.0338389
0.107,0.0351878
0.108,0.0359893
0.109,0.0360675
0.11,0.0365543
0.111,0.0369399
0.112,0.0374785
0.113,0.0382017
0.114,0.0393776
0.115,0.0403249
0.116,0.0407681
0.117,0.0416082
0.118,0.0418909
0.119,0.0422927
0.12,0.0430966
0.121,0.0435619
0.122,0.0437146
0.123,0.0446524
0.124,0.045299
0.125,0.0458159
0.126,0.0469352
0.127,0.0485172
0.128,0.0486955
0.129,0.0497973
0.13,0.0502415
0.131,0.0510091
0.132,0.0524503
0.133,0.053144
0.134,0.0536622
0.135,0.054545
0.136,0.054879
0.137,0.0555692
0.138,0.0567869
0.139,0.0578955
0.14,0.0590843
0.141,0.0594211
0.142,0.060258
0.143,0.0617942
0.144,0.0621009
0.145,0.0638548
0.146,0.0651891
0.147,0.066349
0.148,0.0677605
0.149,0.0682056
0.15,0.0691653
0.151,0.0699657
0.152,0.071368
0.153,0.0716499
0.154,0.0723128
0.155,0.0729565
0.156,0.0737371
0.157,0.0742881
0.158,0.0763897
0.159,0.0777214
0.16,0.0790632
0.161,0.0808949
0.162,0.082535
0.163,0.0837246
0.164,0.0843247
0.165,0.0848362
0.166,0.0852512
0.167,0.0863696
0.168,0.0868046
0.169,0.0877535
0.17,0.0893091
0.171,0.0908153
0.172,0.0923604
0.173,0.0933455
0.174,0.0942161
0.175,0.0951208
0.176,0.0961294
0.177,0.0975285
0.178,0.0983685
0.179,0.0997561
0.18,0.101065
0.181,0.101791
0.182,0.103378
0.183,0.104335
0.184,0.107254
0.185,0.107989
0.186,0.109465
0.187,0.110314
0.188,0.111035
0.189,0.112021
0.19,0.113013
0.191,0.114545
0.192,0.116172
0.193,0.116872
0.194,0.117775
0.195,0.118417
0.196,0.119601
0.197,0.120694
0.198,0.12217
0.199,0.124559
0.2,0.125454
0.201,0.127274
0.202,0.129421
0.203,0.130329
0.204,0.132926
0.205,0.134508
0.206,0.135406
0.207,0.137444
0.208,0.138554
0.209,0.140885
0.21,0.142535
0.211,0.144253
0.212,0.144693
0.213,0.146519
0.214,0.147943
0.215,0.148613
0.216,0.149755
0.217,0.150399
0.218,0.151556
0.219,0.154007
0.22,0.156059
0.221,0.156724
0.222,0.157294
0.223,0.158119
0.224,0.159989
0.225,0.161245
0.226,0.163533
0.227,0.164274
0.228,0.165209
0.229,0.166287
0.23,0.167391
0.231,0.168603
0.232,0.169786
0.233,0.170692
0.234,0.171464
0.235,0.17301
0.236,0.17396
0.237,0.174422
0.238,0.175216
0.239,0.175922
0.24,0.176789
0.241,0.178864
0.242,0.180013
0.243,0.181716
0.244,0.183046
0.245,0.183825
0.246,0.185473
0.247,0.187222
0.248,0.188104
0.249,0.190033
0.25,0.190634
0.251,0.192408
0.252,0.194514
0.253,0.196862
0.254,0.197948
0.255,0.199401
0.256,0.200314
0.257,0.201616
0.258,0.203019
0.259,0.204287
0.26,0.205019
0.261,0.206076
0.262,0.20777
0.263,0.209424
0.264,0.211049
0.265,0.212415
0.266,0.214655
0.267,0.215701
0.268,0.216546
0.269,0.217683
0.27,0.21906
0.271,0.220277
0.272,0.222716
0.273,0.224865
0.274,0.225773
0.275,0.226874
0.276,0.227691
0.277,0.228871
0.278,0.229808
0.279,0.230688
0.28,0.231748
0.281,0.233084
0.282,0.234601
0.283,0.235759
0.284,0.236836
0.285,0.238536
0.286,0.239741
0.287,0.241245
0.288,0.242567
0.289,0.243502
0.29,0.245997
0.291,0.247055
0.292,0.24822
0.293,0.249368
0.294,0.250213
0.295,0.251273
0.296,0.251995
0.297,0.253374
0.298,0.255656
0.299,0.256406
0.3,0.257542
0.301,0.259271
0.302,0.260164
0.303,0.261773
0.304,0.263374
0.305,0.264298
0.306,0.265368
0.307,0.268303
0.308,0.269538
0.309,0.270496
0.31,0.272187
0.311,0.27343
0.312,0.275568
0.313,0.276423
0.314,0.27732
0.315,0.279001
0.316,0.280854
0.317,0.281658
0.318,0.282491
0.319,0.283883
0.32,0.284841
0.321,0.28592
0.322,0.287092
0.323,0.288283
0.324,0.290211
0.325,0.291217
0.326,0.292712
0.327,0.294211
0.328,0.296178
0.329,0.297152
0.33,0.298297
0.331,0.299375
0.332,0.300826
0.333,0.302969
0.334,0.304559
0.335,0.305442
0.336,0.30635
0.337,0.307073
0.338,0.308327
0.339,0.309367
0.34,0.310731
0.341,0.312026
0.342,0.313037
0.343,0.313975
0.344,0.315281
0.345,0.316669
0.346,0.317624
0.347,0.319183
0.348,0.320541
0.349,0.322365
0.35,0.323304
0.351,0.324651
0.352,0.326543
0.353,0.328331
0.354,0.32965
0.355,0.330921
0.356,0.331907
0.357,0.333305
0.358,0.334467
0.359,0.33559
0.36,0.336875
0.361,0.338588
0.362,0.339576
0.363,0.340644
0.364,0.341722
0.365,0.342968
0.366,0.344422
0.367,0.346123
0.368,0.347158
0.369,0.349104
0.37,0.350275
0.371,0.351977
0.372,0.352877
0.373,0.35445
0.374,0.35573
0.375,0.356681
0.376,0.357691
0.377,0.358767
0.378,0.36024
0.379,0.361636
0.38,0.363195
0.381,0.364288
0.382,0.365274
0.383,0.366662
0.384,0.368125
0.385,0.369345
0.386,0.37108
0.387,0.371829
0.388,0.373052
0.389,0.374215
0.39,0.375181
0.391,0.376034
0.392,0.377376
0.393,0.378799
0.394,0.379547
0.395,0.38069
0.396,0.381958
0.397,0.383022
0.398,0.384311
0.399,0.385454
0.4,0.386566
0.401,0.387775
0.402,0.388995
0.403,0.390267
0.404,0.391374
0.405,0.392515
0.406,0.393741
0.407,0.394723
0.408,0.396209
0.409,0.39717
0.41,0.398383
0.411,0.399761
0.412,0.401419
0.413,0.402515
0.414,0.4036
0.415,0.404506
0.416,0.405523
0.417,0.406995
0.418,0.40807
0.419,0.409308
0.42,0.410529
0.421,0.41222
0.422,0.413052
0.423,0.4144
0.424,0.415428
0.425,0.41642
0.426,0.417441
0.427,0.419533
0.428,0.420766
0.429,0.422262
0.43,0.423353
0.431,0.424058
0.432,0.424859
0.433,0.425823
0.434,0.427043
0.435,0.42846
0.436,0.429495
0.437,0.430431
0.438,0.431619
0.439,0.432658
0.44,0.433783
0.441,0.435139
0.442,0.43617
0.443,0.436927
0.444,0.438042
0.445,0.439275
0.446,0.440634
0.447,0.443106
0.448,0.444093
0.449,0.445092
0.45,0.446971
0.451,0.447624
0.452,0.44888
0.453,0.450052
0.454,0.450984
0.455,0.452159
0.456,0.452906
0.457,0.453841
0.458,0.455041
0.459,0.456054
0.46,0.457249
0.461,0.458109
0.462,0.459047
0.463,0.460182
0.464,0.461109
0.465,0.462408
0.466,0.463283
0.467,0.464266
0.468,0.465122
0.469,0.466082
0.47,0.466785
0.471,0.468033
0.472,0.469158
0.473,0.470846
0.474,0.471947
0.475,0.47342
0.476,0.474459
0.477,0.47534
0.478,0.476224
0.479,0.477499
0.48,0.478952
0.481,0.480051
0.482,0.481271
0.483,0.482392
0.484,0.483278
0.485,0.484288
0.486,0.485725
0.487,0.486767
0.488,0.488207
0.489,0.489195
0.49,0.490204
0.491,0.491138
0.492,0.492352
0.493,0.493005
0.494,0.494159
0.495,0.495831
0.496,0.496708
0.497,0.498301
0.498,0.499288
0.499,0.500689
0.5,0.501729
0.501,0.50293
0.502,0.503818
0.503,0.504829
0.504,0.505838
0.505,0.506749
0.506,0.50773
0.507,0.508832
0.508,0.509868
0.509,0.510956
0.51,0.512052
0.511,0.513029
0.512,0.513824
0.513,0.515088
0.514,0.516222
0.515,0.517211
0.516,0.518069
0.517,0.51916
0.518,0.520548
0.519,0.521517
0.52,0.522877
0.521,0.524116
0.522,0.525312
0.523,0.526056
0.524,0.527112
0.525,0.527859
0.526,0.528944
0.527,0.529975
0.528,0.531084
0.529,0.532251
0.53,0.533154
0.531,0.534531
0.532,0.535596
0.533,0.536798
0.534,0.538455
0.535,0.539489
0.536,0.540536
0.537,0.541594
0.538,0.543302
0.539,0.544465
0.54,0.545472
0.541,0.546731
0.542,0.547362
0.543,0.548415
0.544,0.549446
0.545,0.550428
0.546,0.551282
0.547,0.552567
0.548,0.553655
0.549,0.555222
0.55,0.556211
0.551,0.557166
0.552,0.558745
0.553,0.559966
0.554,0.561241
0.555,0.562096
0.556,0.563205
0.557,0.564373
0.558,0.56546
0.559,0.566397
0.56,0.567518
0.561,0.56873
0.562,0.570036
0.563,0.571091
0.564,0.57223
0.565,0.573346
0.566,0.574273
0.567,0.575157
0.568,0.576235
0.569,0.577328
0.57,0.578262
0.571,0.579169
0.572,0.580277
0.573,0.581006
0.574,0.582128
0.575,0.583318
0.576,0.584324
0.577,0.585729
0.578,0.586933
0.579,0.588255
0.58,0.589433
0.581,0.590412
0.582,0.591225
0.583,0.59204
0.584,0.592898
0.585,0.594084
0.586,0.595215
0.587,0.596557
0.588,0.597599
0.589,0.598919
0.59,0.600109
0.591,0.601042
0.592,0.602342
0.593,0.603278
0.594,0.604449
0.595,0.605447
0.596,0.60662
0.597,0.607616
0.598,0.608956
0.599,0.6103
0.6,0.611344
0.601,0.612223
0.602,0.613318
0.603,0.614577
0.604,0.615438
0.605,0.616396
0.606,0.61751
0.607,0.618511
0.608,0.619519
0.609,0.620926
0.61,0.622349
0.611,0.6232
0.612,0.624096
0.613,0.624954
0.614,0.625985
0.615,0.626835
0.616,0.628425
0.617,0.629361
0.618,0.630245
0.619,0.631175
0.62,0.632548
0.621,0.633601
0.622,0.63475
0.623,0.635839
0.624,0.636644
0.625,0.6375
0.626,0.63834
0.627,0.639421
0.628,0.640307
0.629,0.641301
0.63,0.642105
0.631,0.643294
0.632,0.644149
0.633,0.645311
0.634,0.647145
0.635,0.648441
0.636,0.649006
0.637,0.650328
0.638,0.651181
0.639,0.652115
0.64,0.652945
0.641,0.654224
0.642,0.655186
0.643,0.656079
0.644,0.656915
0.645,0.65816
0.646,0.659345
0.647,0.660452
0.648,0.661642
0.649,0.663026
0.65,0.663785
0.651,0.664827
0.652,0.665996
0.653,0.667009
0.654,0.667787
0.655,0.669062
0.656,0.670103
0.657,0.67085
0.658,0.671833
0.659,0.672926
0.66,0.673961
0.661,0.674966
0.662,0.67637
0.663,0.677328
0.664,0.678155
0.665,0.678933
0.666,0.679962
0.667,0.681455
0.668,0.682215
0.669,0.683172
0.67,0.684108
0.671,0.685117
0.672,0.686028
0.673,0.68707
0.674,0.687983
0.675,0.689305
0.676,0.690314
0.677,0.691815
0.678,0.693144
0.679,0.69443
0.68,0.695264
0.681,0.696144
0.682,0.69682
0.683,0.697809
0.684,0.698922
0.685,0.700766
0.686,0.701598
0.687,0.702405
0.688,0.70334
0.689,0.704526
0.69,0.705411
0.691,0.706409
0.692,0.707425
0.693,0.708736
0.694,0.709978
0.695,0.710888
0.696,0.711638
0.697,0.712255
0.698,0.713136
0.699,0.714068
0.7,0.715508
0.701,0.716556
0.702,0.71741
0.703,0.718192
0.704,0.718951
0.705,0.719957
0.706,0.721122
0.707,0.722208
0.708,0.723324
0.709,0.724028
0.71,0.724864
0.711,0.725713
0.712,0.726701
0.713,0.727536
0.714,0.728314
0.715,0.729209
0.716,0.730312
0.717,0.731526
0.718,0.732405
0.719,0.733685
0.72,0.734671
0.721,0.735619
0.722,0.73654
0.723,0.737424
0.724,0.738418
0.725,0.739839
0.726,0.740694
0.727,0.741807
0.728,0.743114
0.729,0.744095
0.73,0.745253
0.731,0.746446
0.732,0.747464
0.733,0.748379
0.734,0.749286
0.735,0.750067
0.736,0.750899
0.737,0.751832
0.738,0.753083
0.739,0.753991
0.74,0.755164
0.741,0.756162
0.742,0.756885
0.743,0.757666
0.744,0.759068
0.745,0.760085
0.746,0.760862
0.747,0.761824
0.748,0.763013
0.749,0.764084
0.75,0.765045
0.751,0.76624
0.752,0.76744
0.753,0.768327
0.754,0.769373
0.755,0.770175
0.756,0.771353
0.757,0.772431
0.758,0.773606
0.759,0.774649
0.76,0.775533
0.761,0.776626
0.762,0.77761
0.763,0.778262
0.764,0.77906
0.765,0.77971
0.766,0.780569
0.767,0.781245
0.768,0.782287
0.769,0.783314
0.77,0.784477
0.771,0.785837
0.772,0.786815
0.773,0.787986
0.774,0.789019
0.775,0.790137
0.776,0.791043
0.777,0.791839
0.778,0.792846
0.779,0.793936
0.78,0.79493
0.781,0.795816
0.782,0.796915
0.783,0.797746
0.784,0.798471
0.785,0.799512
0.786,0.800385
0.787,0.801199
0.788,0.802077
0.789,0.803039
0.79,0.80432
0.791,0.805275
0.792,0.806354
0.793,0.807134
0.794,0.807987
0.795,0.809126
0.796,0.810192
0.797,0.811022
0.798,0.81188
0.799,0.812963
0.8,0.813894
0.801,0.814669
0.802,0.816096
0.803,0.817082
0.804,0.81839
0.805,0.819369
0.806,0.820039
0.807,0.821117
0.808,0.82182
0.809,0.822598
0.81,0.823742
0.811,0.825035
0.812,0.825995
0.813,0.827161
0.814,0.827936
0.815,0.828981
0.816,0.830009
0.817,0.831044
0.818,0.832107
0.819,0.833288
0.82,0.834246
0.821,0.835
0.822,0.836143
0.823,0.837215
0.824,0.838408
0.825,0.839473
0.826,0.840461
0.827,0.84173
0.828,0.842891
0.829,0.843879
0.83,0.844939
0.831,0.845814
0.832,0.846807
0.833,0.847744
0.834,0.848367
0.835,0.84933
0.836,0.850396
0.837,0.851376
0.838,0.852418
0.839,0.853828
0.84,0.854789
0.841,0.855853
0.842,0.856669
0.843,0.857757
0.844,0.858981
0.845,0.859918
0.846,0.861005
0.847,0.861956
0.848,0.862994
0.849,0.863959
0.85,0.865082
0.851,0.865885
0.852,0.867115
0.853,0.8683
0.854,0.869151
0.855,0.870064
0.856,0.870924
0.857,0.871702
0.858,0.87313
0.859,0.873827
0.86,0.875002
0.861,0.875907
0.862,0.87681
0.863,0.877695
0.864,0.878633
0.865,0.879554
0.866,0.880417
0.867,0.881242
0.868,0.882206
0.869,0.883262
0.87,0.884379
0.871,0.885152
0.872,0.885882
0.873,0.886715
0.874,0.887513
0.875,0.888345
0.876,0.889259
0.877,0.890306
0.878,0.891095
0.879,0.89208
0.88,0.892911
0.881,0.893845
0.882,0.894943
0.883,0.896114
0.884,0.896942
0.885,0.897622
0.886,0.898914
0.887,0.899792
0.888,0.900567
0.889,0.901493
0.89,0.902289
0.891,0.90355
0.892,0.904617
0.893,0.90563
0.894,0.906571
0.895,0.907219
0.896,0.908264
0.897,0.909068
0.898,0.909744
0.899,0.910884
0.9,0.911743
0.901,0.912549
0.902,0.913378
0.903,0.914601
0.904,0.915353
0.905,0.916047
0.906,0.916542
0.907,0.917483
0.908,0.918352
0.909,0.91918
0.91,0.919986
0.911,0.921058
0.912,0.921676
0.913,0.922675
0.914,0.923342
0.915,0.924017
0.916,0.925164
0.917,0.926122
0.918,0.927084
0.919,0.927991
0.92,0.928954
0.921,0.92963
0.922,0.930361
0.923,0.93119
0.924,0.932102
0.925,0.933086
0.926,0.933734
0.927,0.934508
0.928,0.935178
0.929,0.936019
0.93,0.936797
0.931,0.937768
0.932,0.939174
0.933,0.939869
0.934,0.940649
0.935,0.941456
0.936,0.942267
0.937,0.943298
0.938,0.944206
0.939,0.945271
0.94,0.946349
0.941,0.947275
0.942,0.948143
0.943,0.948768
0.944,0.949669
0.945,0.95047
0.946,0.951363
0.947,0.952149
0.948,0.953592
0.949,0.954521
0.95,0.955137
0.951,0.956227
0.952,0.957106
0.953,0.958177
0.954,0.959334
0.955,0.959986
0.956,0.960941
0.957,0.961745
0.958,0.962833
0.959,0.964018
0.96,0.965058
0.961,0.965867
0.962,0.966795
0.963,0.967496
0.964,0.968219
0.965,0.968916
0.966,0.969563
0.967,0.970495
0.968,0.971283
0.969,0.972419
0.97,0.973252
0.971,0.974028
0.972,0.974652
0.973,0.97559
0.974,0.976589
0.975,0.977567
0.976,0.978526
0.977,0.979453
0.978,0.980301
0.979,0.98131
0.98,0.982333
0.981,0.983253
0.982,0.983919
0.983,0.984844
0.984,0.985879
0.985,0.986897
0.986,0.988069
0.987,0.988976
0.988,0.98978
0.989,0.990746
0.99,0.991498
0.991,0.992224
0.992,0.993238
0.993,0.994309
0.994,0.995326
0.995,0.996153
0.996,0.997369
0.997,0.998043
0.998,0.998539
0.999,0.999095
1,1
3.45722e-05,5.18807e-05
