0,0.02
0.001,1.28099
0.002,1.30106
0.003,1.38114
0.004,1.52121
0.005,1.66131
0.006,1.80147
0.007,1.88154
0.008,2.04159
0.009,2.10189
0.01,2.22197
0.011,2.36197
0.012,2.44202
0.013,2.52215
0.014,2.74225
0.015,2.82242
0.016,2.8825
0.017,3.0425
0.018,3.16255
0.019,3.22265
0.02,3.34268
0.021,3.40273
0.022,3.50275
0.023,3.54283
0.024,3.72291
0.025,3.78308
0.026,3.86308
0.027,3.94308
0.028,4.06316
0.029,4.26326
0.03,4.36331
0.031,4.46346
0.032,4.60356
0.033,4.76362
0.034,4.86367
0.035,4.96374
0.036,5.20379
0.037,5.30387
0.038,5.42392
0.039,5.74407
0.04,5.82432
0.041,6.10435
0.042,6.16445
0.043,6.20458
0.044,6.20465
0.045,6.46473
0.046,6.5648
0.047,6.58516
0.048,6.68523
0.049,7.04526
0.05,7.20536
0.051,7.30586
0.052,7.38599
0.053,7.52604
0.054,7.66617
0.055,7.74622
0.056,7.80644
0.057,8.00652
0.058,8.08657
0.059,8.32689
0.06,8.44719
0.061,8.5673
0.062,8.82749
0.063,8.98767
0.064,9.1277
0.065,9.24823
0.066,9.40858
0.067,9.48871
0.068,9.62878
0.069,9.70893
0.07,9.74906
0.071,9.88926
0.072,10.0697
0.073,10.5899
0.074,10.6701
0.075,10.7707
0.076,11.0908
0.077,11.3509
0.078,11.5311
0.079,11.9316
0.08,12.0717
0.081,12.1919
0.082,12.412
0.083,12.6525
0.084,12.8332
0.085,13.0734
0.086,13.2136
0.087,13.3543
0.088,13.5745
0.089,13.9146
0.09,14.0948
0.091,14.1952
0.092,14.4752
0.093,14.6754
0.094,14.8157
0.095,14.9558
0.096,15.1363
0.097,15.4367
0.098,15.7168
0.099,15.8371
0.1,15.9574
0.101,16.5377
0.102,16.9182
0.103,17.2185
0.104,17.3989
0.105,17.7795
0.106,17.9597
0.107,18.1198
0.108,18.64
0.109,18.7802
0.11,19.1404
0.111,19.7406
0.112,19.9007
0.113,20.0611
0.114,20.6413
0.115,20.9215
0.116,21.0621
0.117,21.9828
0.118,22.1831
0.119,22.9233
0.12,24.5837
0.121,25.3237
0.122,25.8641
0.123,26.1042
0.124,26.4454
0.125,26.6458
0.126,27.2263
0.127,27.947
0.128,28.3074
0.129,28.4675
0.13,28.6482
0.131,28.8685
0.132,29.3497
0.133,29.77
0.134,30.3501
0.135,30.6107
0.136,30.871
0.137,31.2112
0.138,31.4719
0.139,31.7325
0.14,32.8127
0.141,33.2749
0.142,33.5351
0.143,33.7558
0.144,34.6164
0.145,34.7969
0.146,35.2171
0.147,36.1972
0.148,36.4173
0.149,36.718
0.15,36.9183
0.151,37.2386
0.152,37.7392
0.153,37.9594
0.154,39.0997
0.155,39.3805
0.156,40.1008
0.157,40.4211
0.158,40.5813
0.159,40.7017
0.16,41.3819
0.161,41.9226
0.162,42.2431
0.163,42.9634
0.164,43.2036
0.165,43.4441
0.166,44.6054
0.167,45.3655
0.168,45.8459
0.169,46.2464
0.17,46.7668
0.171,47.2271
0.172,48.3876
0.173,49.3881
0.174,50.1685
0.175,50.6086
0.176,50.989
0.177,51.9295
0.178,52.65
0.179,54.0105
0.18,54.3308
0.181,56.2511
0.182,56.6112
0.183,56.9715
0.184,57.1919
0.185,57.4521
0.186,58.9526
0.187,59.3132
0.188,60.1135
0.189,60.494
0.19,60.9745
0.191,61.3748
0.192,62.015
0.193,62.4358
0.194,62.8964
0.195,63.1765
0.196,63.6772
0.197,63.9375
0.198,64.298
0.199,64.7182
0.2,66.0986
0.201,66.3801
0.202,67.5804
0.203,67.9809
0.204,68.5813
0.205,68.8417
0.206,69.222
0.207,69.7822
0.208,70.3628
0.209,71.6232
0.21,72.2036
0.211,73.2439
0.212,74.0242
0.213,74.2244
0.214,74.5849
0.215,75.7254
0.216,76.7059
0.217,77.7862
0.218,78.0666
0.219,79.1669
0.22,79.6071
0.221,80.2873
0.222,80.5876
0.223,82.2483
0.224,82.6087
0.225,83.249
0.226,84.2694
0.227,84.6306
0.228,85.291
0.229,85.7511
0.23,86.3515
0.231,86.9118
0.232,87.4927
0.233,88.3931
0.234,88.6936
0.235,89.4746
0.236,89.8552
0.237,90.5755
0.238,91.1156
0.239,91.5765
0.24,91.9567
0.241,92.597
0.242,93.0776
0.243,93.618
0.244,93.8983
0.245,94.8187
0.246,95.7401
0.247,96.3012
0.248,96.8816
0.249,97.3219
0.25,97.7422
0.251,98.7427
0.252,100.183
0.253,100.523
0.254,101.084
0.255,101.724
0.256,102.405
0.257,102.926
0.258,103.327
0.259,104.028
0.26,104.468
0.261,105.33
0.262,105.951
0.263,106.331
0.264,106.812
0.265,108.192
0.266,108.713
0.267,109.113
0.268,109.574
0.269,109.994
0.27,111.595
0.271,112.335
0.272,113.616
0.273,114.156
0.274,114.596
0.275,114.997
0.276,115.397
0.277,115.778
0.278,116.418
0.279,117.499
0.28,118.439
0.281,119.88
0.282,120.28
0.283,120.981
0.284,122.821
0.285,123.401
0.286,124.122
0.287,125.762
0.288,126.962
0.289,127.243
0.29,127.663
0.291,128.424
0.292,128.964
0.293,130.005
0.294,131.105
0.295,132.085
0.296,133.286
0.297,133.786
0.298,134.587
0.299,135.447
0.3,136.088
0.301,137.008
0.302,137.669
0.303,138.489
0.304,139.109
0.305,139.57
0.306,140.09
0.307,140.831
0.308,141.932
0.309,142.973
0.31,144.053
0.311,144.494
0.312,144.894
0.313,145.535
0.314,146.135
0.315,146.696
0.316,147.016
0.317,147.857
0.318,148.697
0.319,149.698
0.32,150.138
0.321,150.398
0.322,150.799
0.323,151.599
0.324,152.52
0.325,153.34
0.326,153.9
0.327,154.321
0.328,155.001
0.329,155.362
0.33,155.962
0.331,156.723
0.332,157.224
0.333,157.804
0.334,158.505
0.335,159.365
0.336,160.045
0.337,160.506
0.338,160.886
0.339,161.507
0.34,162.107
0.341,162.787
0.342,163.288
0.343,163.908
0.344,164.509
0.345,165.49
0.346,166.071
0.347,166.611
0.348,167.291
0.349,167.812
0.35,168.192
0.351,168.653
0.352,169.433
0.353,170.093
0.354,170.714
0.355,171.234
0.356,171.535
0.357,172.555
0.358,173.235
0.359,173.616
0.36,174.296
0.361,174.837
0.362,175.477
0.363,176.138
0.364,176.638
0.365,177.159
0.366,177.719
0.367,178.12
0.368,178.58
0.369,179.121
0.37,180.001
0.371,180.561
0.372,180.922
0.373,181.482
0.374,181.862
0.375,182.423
0.376,182.863
0.377,183.583
0.378,184.284
0.379,184.804
0.38,185.405
0.381,186.045
0.382,186.566
0.383,186.866
0.384,187.306
0.385,188.067
0.386,188.547
0.387,189.487
0.388,189.908
0.389,190.488
0.39,190.828
0.391,191.369
0.392,191.709
0.393,192.35
0.394,192.79
0.395,193.431
0.396,193.931
0.397,194.572
0.398,195.213
0.399,196.053
0.4,196.533
0.401,196.874
0.402,197.234
0.403,197.695
0.404,198.295
0.405,198.916
0.406,199.376
0.407,199.957
0.408,200.397
0.409,200.998
0.41,201.498
0.411,201.979
0.412,202.58
0.413,203.6
0.414,204.26
0.415,204.781
0.416,205.501
0.417,205.802
0.418,206.402
0.419,206.863
0.42,207.223
0.421,208.004
0.422,208.445
0.423,208.985
0.424,209.565
0.425,210.186
0.426,210.646
0.427,211.227
0.428,211.727
0.429,212.408
0.43,212.888
0.431,213.348
0.432,213.769
0.433,214.249
0.434,214.589
0.435,214.89
0.436,215.47
0.437,215.971
0.438,216.411
0.439,216.952
0.44,217.412
0.441,217.932
0.442,218.513
0.443,218.873
0.444,219.553
0.445,220.414
0.446,221.155
0.447,221.675
0.448,222.116
0.449,222.556
0.45,223.016
0.451,223.397
0.452,224.017
0.453,224.378
0.454,224.838
0.455,225.418
0.456,226.019
0.457,226.419
0.458,227.2
0.459,227.66
0.46,228.021
0.461,228.821
0.462,229.302
0.463,229.802
0.464,230.382
0.465,230.903
0.466,231.543
0.467,232.044
0.468,232.664
0.469,233.264
0.47,233.845
0.471,234.345
0.472,234.826
0.473,235.306
0.474,235.847
0.475,236.267
0.476,236.927
0.477,237.447
0.478,237.828
0.479,238.169
0.48,238.749
0.481,239.43
0.482,240.11
0.483,240.691
0.484,241.271
0.485,241.671
0.486,242.012
0.487,242.572
0.488,243.392
0.489,244.113
0.49,244.433
0.491,245.094
0.492,245.534
0.493,246.014
0.494,246.695
0.495,247.175
0.496,247.875
0.497,248.196
0.498,248.676
0.499,248.996
0.5,249.697
0.501,250.077
0.502,250.498
0.503,251.058
0.504,251.479
0.505,252.5
0.506,253.02
0.507,253.52
0.508,254.061
0.509,254.621
0.51,255.062
0.511,255.402
0.512,256.082
0.513,257.183
0.514,257.603
0.515,257.864
0.516,258.484
0.517,259.264
0.518,259.605
0.519,260.065
0.52,260.446
0.521,261.126
0.522,261.546
0.523,262.007
0.524,262.547
0.525,263.047
0.526,263.487
0.527,263.988
0.528,264.468
0.529,264.929
0.53,265.489
0.531,265.789
0.532,266.31
0.533,266.731
0.534,267.331
0.535,268.071
0.536,268.432
0.537,269.053
0.538,269.633
0.539,270.274
0.54,270.994
0.541,271.495
0.542,272.335
0.543,273.096
0.544,273.616
0.545,274.197
0.546,274.977
0.547,275.378
0.548,275.878
0.549,276.499
0.55,276.939
0.551,277.399
0.552,277.94
0.553,278.38
0.554,278.84
0.555,279.321
0.556,280.021
0.557,280.581
0.558,281.162
0.559,281.622
0.56,282.002
0.561,282.523
0.562,282.923
0.563,283.483
0.564,284.004
0.565,284.544
0.566,285.025
0.567,285.825
0.568,286.445
0.569,286.786
0.57,287.406
0.571,288.046
0.572,288.327
0.573,288.887
0.574,289.308
0.575,289.768
0.576,290.308
0.577,291.049
0.578,291.509
0.579,291.869
0.58,292.27
0.581,292.59
0.582,293.231
0.583,293.971
0.584,294.432
0.585,295.052
0.586,295.452
0.587,296.153
0.588,296.833
0.589,297.274
0.59,297.895
0.591,298.195
0.592,298.595
0.593,298.876
0.594,299.436
0.595,299.816
0.596,300.357
0.597,300.797
0.598,301.397
0.599,301.818
0.6,302.418
0.601,302.959
0.602,303.279
0.603,303.96
0.604,304.3
0.605,304.7
0.606,305.021
0.607,305.441
0.608,305.882
0.609,306.322
0.61,306.863
0.611,307.443
0.612,307.944
0.613,308.364
0.614,308.885
0.615,309.405
0.616,309.905
0.617,310.425
0.618,310.886
0.619,311.326
0.62,311.967
0.621,312.267
0.622,312.707
0.623,313.128
0.624,313.568
0.625,313.869
0.626,314.269
0.627,314.75
0.628,315.21
0.629,315.631
0.63,316.111
0.631,316.392
0.632,316.772
0.633,317.133
0.634,317.753
0.635,318.114
0.636,318.714
0.637,319.275
0.638,319.895
0.639,320.515
0.64,320.916
0.641,321.556
0.642,322.276
0.643,322.597
0.644,323.017
0.645,323.458
0.646,323.938
0.647,324.398
0.648,324.818
0.649,325.259
0.65,325.879
0.651,326.46
0.652,327
0.653,327.36
0.654,327.801
0.655,328.381
0.656,328.941
0.657,329.342
0.658,329.762
0.659,330.163
0.66,330.823
0.661,331.263
0.662,331.544
0.663,332.004
0.664,332.584
0.665,333.005
0.666,333.385
0.667,333.786
0.668,334.226
0.669,334.746
0.67,335.207
0.671,335.547
0.672,336.267
0.673,336.668
0.674,337.108
0.675,337.408
0.676,337.929
0.677,338.209
0.678,338.51
0.679,339.01
0.68,339.551
0.681,340.051
0.682,340.491
0.683,341.032
0.684,341.592
0.685,342.172
0.686,342.593
0.687,343.233
0.688,343.813
0.689,344.093
0.69,344.594
0.691,345.074
0.692,345.554
0.693,346.175
0.694,346.575
0.695,347.256
0.696,347.816
0.697,348.296
0.698,348.617
0.699,349.077
0.7,349.477
0.701,349.978
0.702,350.578
0.703,350.979
0.704,351.319
0.705,351.9
0.706,352.36
0.707,352.7
0.708,353.121
0.709,353.761
0.71,354.301
0.711,354.902
0.712,355.342
0.713,355.883
0.714,356.443
0.715,356.823
0.716,357.244
0.717,357.744
0.718,358.184
0.719,358.665
0.72,359.065
0.721,359.545
0.722,360.066
0.723,360.526
0.724,360.966
0.725,361.527
0.726,362.067
0.727,362.508
0.728,363.028
0.729,363.328
0.73,363.829
0.731,364.409
0.732,364.869
0.733,365.35
0.734,365.87
0.735,366.27
0.736,366.671
0.737,367.311
0.738,367.771
0.739,368.132
0.74,368.612
0.741,369.192
0.742,369.692
0.743,370.173
0.744,370.613
0.745,371.013
0.746,371.654
0.747,372.014
0.748,372.374
0.749,373.055
0.75,373.755
0.751,374.215
0.752,374.556
0.753,374.996
0.754,375.536
0.755,375.916
0.756,376.317
0.757,376.637
0.758,377.257
0.759,377.818
0.76,378.378
0.761,378.659
0.762,379.299
0.763,379.819
0.764,380.419
0.765,381.12
0.766,381.5
0.767,381.84
0.768,382.301
0.769,382.761
0.77,383.201
0.771,383.662
0.772,384.162
0.773,384.503
0.774,385.063
0.775,385.803
0.776,386.104
0.777,386.564
0.778,386.964
0.779,387.305
0.78,387.745
0.781,388.206
0.782,388.866
0.783,389.287
0.784,389.887
0.785,390.267
0.786,390.828
0.787,391.528
0.788,392.008
0.789,392.529
0.79,392.969
0.791,393.57
0.792,394.09
0.793,394.69
0.794,395.131
0.795,395.571
0.796,396.151
0.797,396.732
0.798,397.172
0.799,397.692
0.8,398.073
0.801,398.493
0.802,398.954
0.803,399.194
0.804,399.794
0.805,400.135
0.806,400.555
0.807,400.976
0.808,401.456
0.809,401.937
0.81,402.397
0.811,402.817
0.812,403.197
0.813,403.718
0.814,404.238
0.815,404.618
0.816,405.019
0.817,405.559
0.818,406.039
0.819,406.58
0.82,406.96
0.821,407.38
0.822,407.861
0.823,408.241
0.824,408.702
0.825,409.182
0.826,409.562
0.827,410.042
0.828,410.443
0.829,410.863
0.83,411.203
0.831,411.644
0.832,411.944
0.833,412.304
0.834,412.765
0.835,413.145
0.836,413.706
0.837,414.106
0.838,414.666
0.839,415.147
0.84,415.407
0.841,415.768
0.842,416.188
0.843,416.588
0.844,417.169
0.845,417.549
0.846,418.009
0.847,418.589
0.848,419.13
0.849,419.55
0.85,419.951
0.851,420.491
0.852,420.931
0.853,421.451
0.854,421.812
0.855,422.172
0.856,422.773
0.857,423.053
0.858,423.253
0.859,423.673
0.86,424.233
0.861,424.794
0.862,425.334
0.863,425.834
0.864,426.234
0.865,426.615
0.866,427.155
0.867,427.535
0.868,427.776
0.869,428.136
0.87,428.596
0.871,429.117
0.872,429.617
0.873,429.997
0.874,430.497
0.875,431.018
0.876,431.558
0.877,431.898
0.878,432.238
0.879,432.719
0.88,433.399
0.881,433.599
0.882,434.039
0.883,434.42
0.884,434.82
0.885,435.16
0.886,435.44
0.887,435.761
0.888,436.121
0.889,436.761
0.89,437.242
0.891,437.642
0.892,438.022
0.893,438.463
0.894,438.963
0.895,439.423
0.896,440.004
0.897,440.384
0.898,440.704
0.899,441.105
0.9,441.465
0.901,441.726
0.902,442.246
0.903,442.866
0.904,443.227
0.905,443.767
0.906,444.127
0.907,444.488
0.908,444.928
0.909,445.428
0.91,445.808
0.911,446.309
0.912,446.649
0.913,446.969
0.914,447.349
0.915,447.69
0.916,447.99
0.917,448.51
0.918,449.011
0.919,449.311
0.92,449.612
0.921,450.112
0.922,450.672
0.923,451.153
0.924,451.753
0.925,452.153
0.926,452.394
0.927,452.854
0.928,453.414
0.929,453.975
0.93,454.455
0.931,454.776
0.932,455.196
0.933,455.556
0.934,456.117
0.935,456.717
0.936,457.378
0.937,457.718
0.938,458.158
0.939,458.598
0.94,458.939
0.941,459.479
0.942,459.819
0.943,460.42
0.944,461.02
0.945,461.52
0.946,461.901
0.947,462.401
0.948,462.881
0.949,463.302
0.95,463.702
0.951,464.243
0.952,464.723
0.953,465.283
0.954,465.504
0.955,465.744
0.956,466.225
0.957,466.685
0.958,467.145
0.959,467.626
0.96,467.946
0.961,468.406
0.962,468.727
0.963,469.067
0.964,469.528
0.965,469.848
0.966,470.388
0.967,470.829
0.968,471.349
0.969,471.789
0.97,472.21
0.971,472.43
0.972,473.03
0.973,473.53
0.974,474.371
0.975,474.751
0.976,475.191
0.977,475.532
0.978,476.032
0.979,476.413
0.98,476.853
0.981,477.354
0.982,477.634
0.983,478.075
0.984,478.315
0.985,478.675
0.986,479.016
0.987,479.396
0.988,479.756
0.989,480.157
0.99,480.637
0.991,480.977
0.992,481.377
0.993,481.718
0.994,482.038
0.995,482.458
0.996,482.959
0.997,483.199
0.998,483.459
0.999,483.779
1,1.02
-1,1.26096