0,0.02
0.01,0.0200141
0.02,0.0200631
0.03,0.0214971
0.04,0.0441106
0.05,0.0791856
0.06,0.118335
0.07,0.157866
0.08,0.196162
0.09,0.232622
0.1,0.267032
0.11,0.299381
0.12,0.329763
0.13,0.358298
0.14,0.385088
0.15,0.410299
0.16,0.43403
0.17,0.456441
0.18,0.477612
0.19,0.497685
0.2,0.516701
0.21,0.534759
0.22,0.551941
0.23,0.568301
0.24,0.583906
0.25,0.598812
0.26,0.613053
0.27,0.62669
0.28,0.639756
0.29,0.652295
0.3,0.664325
0.31,0.675894
0.32,0.687023
0.33,0.697739
0.34,0.708059
0.35,0.718008
0.36,0.727617
0.37,0.73689
0.38,0.745856
0.39,0.754534
0.4,0.762937
0.41,0.771065
0.42,0.778936
0.43,0.786578
0.44,0.79399
0.45,0.801176
0.46,0.808157
0.47,0.814943
0.48,0.821533
0.49,0.827945
0.5,0.834182
0.51,0.840256
0.52,0.846169
0.53,0.851929
0.54,0.857554
0.55,0.863032
0.56,0.868376
0.57,0.873586
0.58,0.878668
0.59,0.883627
0.6,0.888483
0.61,0.893224
0.62,0.897857
0.63,0.902382
0.64,0.906811
0.65,0.911139
0.66,0.915377
0.67,0.919524
0.68,0.923584
0.69,0.927559
0.7,0.931453
0.71,0.935267
0.72,0.939003
0.73,0.942664
0.74,0.946254
0.75,0.949773
0.76,0.953228
0.77,0.956613
0.78,0.959934
0.79,0.963195
0.8,0.966393
0.81,0.969535
0.82,0.972621
0.83,0.975654
0.84,0.978629
0.85,0.981554
0.86,0.984429
0.87,0.98725
0.88,0.99003
0.89,0.992756
0.9,0.995439
0.91,0.998078
0.92,1.00067
0.93,1.00323
0.94,1.00574
0.95,1.00821
0.96,1.01064
0.97,1.01303
0.98,1.01539
0.99,1.01771
1,1.02