0,0.02
0.01,0.0200069
0.02,0.0200232
0.03,0.0201043
0.04,0.0321885
0.05,0.0771019
0.06,0.126656
0.07,0.175013
0.08,0.220444
0.09,0.262576
0.1,0.301421
0.11,0.337225
0.12,0.370281
0.13,0.40084
0.14,0.42918
0.15,0.455508
0.16,0.480042
0.17,0.502977
0.18,0.524448
0.19,0.544633
0.2,0.563611
0.21,0.581491
0.22,0.598387
0.23,0.614374
0.24,0.629513
0.25,0.6439
0.26,0.657568
0.27,0.670585
0.28,0.683008
0.29,0.694875
0.3,0.706206
0.31,0.717057
0.32,0.727444
0.33,0.737408
0.34,0.746978
0.35,0.756176
0.36,0.76503
0.37,0.773547
0.38,0.781751
0.39,0.789668
0.4,0.797296
0.41,0.804674
0.42,0.811796
0.43,0.818679
0.44,0.825337
0.45,0.831782
0.46,0.838029
0.47,0.844072
0.48,0.849945
0.49,0.855644
0.5,0.861172
0.51,0.866542
0.52,0.871761
0.53,0.876837
0.54,0.881773
0.55,0.88657
0.56,0.891247
0.57,0.895793
0.58,0.900224
0.59,0.904542
0.6,0.908759
0.61,0.912865
0.62,0.91687
0.63,0.920774
0.64,0.924589
0.65,0.928314
0.66,0.931953
0.67,0.935513
0.68,0.938993
0.69,0.942395
0.7,0.945719
0.71,0.948972
0.72,0.952154
0.73,0.955267
0.74,0.958317
0.75,0.961303
0.76,0.964231
0.77,0.967098
0.78,0.969903
0.79,0.972654
0.8,0.975355
0.81,0.978002
0.82,0.980594
0.83,0.983137
0.84,0.985633
0.85,0.988077
0.86,0.990477
0.87,0.992835
0.88,0.995146
0.89,0.997421
0.9,0.99965
0.91,1.00185
0.92,1.00401
0.93,1.00613
0.94,1.00821
0.95,1.01026
0.96,1.01228
0.97,1.01426
0.98,1.0162
0.99,1.01812
1,1.02