0,0.02
0.001,0.0200975
0.002,0.0201579
0.003,0.0202105
0.004,0.0202596
0.005,0.0203095
0.006,0.0203702
0.007,0.0204277
0.008,0.020494
0.009,0.020556
0.01,0.0206171
0.011,0.020673
0.012,0.0207529
0.013,0.0208414
0.014,0.0209601
0.015,0.0210581
0.016,0.0212231
0.017,0.0214411
0.018,0.0215739
0.019,0.021728
0.02,0.0219014
0.021,0.0221279
0.022,0.0224145
0.023,0.0227188
0.024,0.0230173
0.025,0.0233922
0.026,0.0238152
0.027,0.0241069
0.028,0.0244727
0.029,0.0248589
0.03,0.0252224
0.031,0.0257101
0.032,0.0262854
0.033,0.0270128
0.034,0.027817
0.035,0.0284322
0.036,0.029138
0.037,0.0297548
0.038,0.0303565
0.039,0.0312093
0.04,0.031954
0.041,0.03285
0.042,0.0338738
0.043,0.0347445
0.044,0.0356056
0.045,0.0365335
0.046,0.0374593
0.047,0.0383907
0.048,0.0392141
0.049,0.0404074
0.05,0.0413337
0.051,0.0421158
0.052,0.0430057
0.053,0.0438821
0.054,0.0446825
0.055,0.0455814
0.056,0.0463642
0.057,0.0473472
0.058,0.0481232
0.059,0.0490856
0.06,0.0500149
0.061,0.0508988
0.062,0.0517639
0.063,0.0526872
0.064,0.0536398
0.065,0.0544602
0.066,0.055401
0.067,0.0563065
0.068,0.0572339
0.069,0.0581695
0.07,0.0590912
0.071,0.0599796
0.072,0.060918
0.073,0.0618895
0.074,0.0628659
0.075,0.0638281
0.076,0.0647031
0.077,0.0656635
0.078,0.0666515
0.079,0.0675885
0.08,0.0685003
0.081,0.0694223
0.082,0.070416
0.083,0.0714192
0.084,0.0724244
0.085,0.0734276
0.086,0.0743747
0.087,0.0753072
0.088,0.0763242
0.089,0.0772844
0.09,0.0782396
0.091,0.0792313
0.092,0.080248
0.093,0.0812561
0.094,0.0822804
0.095,0.0833015
0.096,0.0843864
0.097,0.0855162
0.098,0.0865391
0.099,0.0875938
0.1,0.0886436
0.101,0.0896942
0.102,0.0907144
0.103,0.091772
0.104,0.0928891
0.105,0.0939357
0.106,0.0950479
0.107,0.096123
0.108,0.0972422
0.109,0.0983736
0.11,0.0994729
0.111,0.100583
0.112,0.101672
0.113,0.102735
0.114,0.103845
0.115,0.104906
0.116,0.106019
0.117,0.10711
0.118,0.108246
0.119,0.109303
0.12,0.11037
0.121,0.111501
0.122,0.112635
0.123,0.113743
0.124,0.114893
0.125,0.11596
0.126,0.117096
0.127,0.118237
0.128,0.11938
0.129,0.120505
0.13,0.121583
0.131,0.122736
0.132,0.12394
0.133,0.125085
0.134,0.126205
0.135,0.127346
0.136,0.128481
0.137,0.129611
0.138,0.130761
0.139,0.131918
0.14,0.133052
0.141,0.134173
0.142,0.135326
0.143,0.136481
0.144,0.137606
0.145,0.138789
0.146,0.139917
0.147,0.141116
0.148,0.142225
0.149,0.143437
0.15,0.144619
0.151,0.145751
0.152,0.146945
0.153,0.148095
0.154,0.14923
0.155,0.150462
0.156,0.151618
0.157,0.152748
0.158,0.153928
0.159,0.155108
0.16,0.1563
0.161,0.157477
0.162,0.158694
0.163,0.159825
0.164,0.161059
0.165,0.162189
0.166,0.163383
0.167,0.164506
0.168,0.165617
0.169,0.166757
0.17,0.16799
0.171,0.169194
0.172,0.170405
0.173,0.171576
0.174,0.172768
0.175,0.173987
0.176,0.17519
0.177,0.176384
0.178,0.177566
0.179,0.178748
0.18,0.179914
0.181,0.181092
0.182,0.182325
0.183,0.183534
0.184,0.184728
0.185,0.185899
0.186,0.187102
0.187,0.188347
0.188,0.189554
0.189,0.190729
0.19,0.191898
0.191,0.193126
0.192,0.194335
0.193,0.195515
0.194,0.196754
0.195,0.197882
0.196,0.199089
0.197,0.200269
0.198,0.20141
0.199,0.202549
0.2,0.203741
0.201,0.204922
0.202,0.206143
0.203,0.207305
0.204,0.208488
0.205,0.209707
0.206,0.210924
0.207,0.212113
0.208,0.213322
0.209,0.214529
0.21,0.215735
0.211,0.216938
0.212,0.218117
0.213,0.21933
0.214,0.220493
0.215,0.221671
0.216,0.222922
0.217,0.224133
0.218,0.225327
0.219,0.226527
0.22,0.227747
0.221,0.228916
0.222,0.230128
0.223,0.231316
0.224,0.232512
0.225,0.233718
0.226,0.23488
0.227,0.236086
0.228,0.237302
0.229,0.238466
0.23,0.239667
0.231,0.240841
0.232,0.242042
0.233,0.24327
0.234,0.244474
0.235,0.245711
0.236,0.246935
0.237,0.24816
0.238,0.249347
0.239,0.250544
0.24,0.251745
0.241,0.252932
0.242,0.254131
0.243,0.255324
0.244,0.256578
0.245,0.257819
0.246,0.259031
0.247,0.26024
0.248,0.261446
0.249,0.262663
0.25,0.263859
0.251,0.265031
0.252,0.266232
0.253,0.26743
0.254,0.268656
0.255,0.269886
0.256,0.271094
0.257,0.272273
0.258,0.273465
0.259,0.274654
0.26,0.275855
0.261,0.276984
0.262,0.278243
0.263,0.279428
0.264,0.280602
0.265,0.281798
0.266,0.283014
0.267,0.284182
0.268,0.285381
0.269,0.286588
0.27,0.287767
0.271,0.288951
0.272,0.290133
0.273,0.291317
0.274,0.292483
0.275,0.293731
0.276,0.29493
0.277,0.296095
0.278,0.297309
0.279,0.298516
0.28,0.299752
0.281,0.300922
0.282,0.30211
0.283,0.3033
0.284,0.304473
0.285,0.305672
0.286,0.306882
0.287,0.308088
0.288,0.309285
0.289,0.31048
0.29,0.311678
0.291,0.312848
0.292,0.314041
0.293,0.31523
0.294,0.316451
0.295,0.317632
0.296,0.31879
0.297,0.319949
0.298,0.32113
0.299,0.322318
0.3,0.323512
0.301,0.32469
0.302,0.325912
0.303,0.327144
0.304,0.328316
0.305,0.329475
0.306,0.330657
0.307,0.331848
0.308,0.333055
0.309,0.334237
0.31,0.335402
0.311,0.336536
0.312,0.337731
0.313,0.338927
0.314,0.340093
0.315,0.341291
0.316,0.342425
0.317,0.343583
0.318,0.344738
0.319,0.345951
0.32,0.347151
0.321,0.34833
0.322,0.349501
0.323,0.350704
0.324,0.351915
0.325,0.353058
0.326,0.354228
0.327,0.355392
0.328,0.356574
0.329,0.357731
0.33,0.358917
0.331,0.360047
0.332,0.361189
0.333,0.362326
0.334,0.363486
0.335,0.364645
0.336,0.365836
0.337,0.366991
0.338,0.368177
0.339,0.369342
0.34,0.370546
0.341,0.371694
0.342,0.372874
0.343,0.374066
0.344,0.375235
0.345,0.376386
0.346,0.377525
0.347,0.378692
0.348,0.379838
0.349,0.381
0.35,0.382133
0.351,0.383225
0.352,0.384379
0.353,0.385517
0.354,0.386666
0.355,0.387853
0.356,0.389034
0.357,0.390225
0.358,0.391392
0.359,0.39257
0.36,0.393731
0.361,0.394867
0.362,0.396005
0.363,0.397152
0.364,0.398276
0.365,0.399407
0.366,0.400565
0.367,0.40171
0.368,0.402835
0.369,0.404009
0.37,0.405178
0.371,0.406322
0.372,0.40751
0.373,0.408682
0.374,0.409799
0.375,0.41094
0.376,0.412078
0.377,0.413215
0.378,0.414333
0.379,0.415473
0.38,0.416629
0.381,0.417803
0.382,0.418994
0.383,0.420157
0.384,0.421324
0.385,0.422466
0.386,0.423642
0.387,0.424788
0.388,0.425889
0.389,0.427005
0.39,0.428141
0.391,0.429292
0.392,0.43043
0.393,0.431558
0.394,0.432754
0.395,0.433897
0.396,0.435042
0.397,0.436183
0.398,0.437335
0.399,0.438479
0.4,0.439592
0.401,0.440743
0.402,0.441877
0.403,0.442995
0.404,0.44413
0.405,0.445222
0.406,0.446351
0.407,0.44747
0.408,0.448563
0.409,0.449694
0.41,0.450837
0.411,0.451981
0.412,0.453101
0.413,0.454236
0.414,0.455333
0.415,0.456476
0.416,0.457608
0.417,0.458771
0.418,0.459885
0.419,0.460995
0.42,0.462087
0.421,0.463219
0.422,0.464349
0.423,0.465451
0.424,0.466564
0.425,0.467686
0.426,0.468809
0.427,0.469929
0.428,0.471082
0.429,0.472196
0.43,0.473341
0.431,0.474422
0.432,0.475502
0.433,0.476632
0.434,0.477771
0.435,0.478883
0.436,0.480017
0.437,0.481123
0.438,0.482217
0.439,0.483343
0.44,0.484461
0.441,0.485562
0.442,0.486683
0.443,0.487816
0.444,0.48893
0.445,0.490014
0.446,0.491157
0.447,0.492295
0.448,0.493412
0.449,0.494488
0.45,0.495591
0.451,0.496711
0.452,0.497835
0.453,0.49894
0.454,0.500047
0.455,0.501115
0.456,0.502198
0.457,0.503275
0.458,0.504368
0.459,0.505485
0.46,0.50661
0.461,0.507712
0.462,0.50881
0.463,0.509914
0.464,0.511001
0.465,0.512089
0.466,0.513205
0.467,0.514333
0.468,0.515454
0.469,0.516566
0.47,0.517669
0.471,0.518762
0.472,0.51984
0.473,0.520922
0.474,0.522041
0.475,0.523134
0.476,0.524238
0.477,0.525324
0.478,0.526417
0.479,0.527506
0.48,0.528601
0.481,0.529699
0.482,0.530775
0.483,0.531836
0.484,0.532914
0.485,0.534006
0.486,0.5351
0.487,0.536179
0.488,0.537246
0.489,0.538317
0.49,0.5394
0.491,0.540451
0.492,0.54154
0.493,0.542596
0.494,0.543668
0.495,0.54475
0.496,0.545797
0.497,0.546868
0.498,0.547939
0.499,0.549005
0.5,0.550113
0.501,0.551193
0.502,0.552293
0.503,0.553329
0.504,0.554421
0.505,0.555525
0.506,0.556581
0.507,0.557639
0.508,0.558705
0.509,0.559774
0.51,0.560877
0.511,0.561932
0.512,0.563022
0.513,0.564081
0.514,0.565156
0.515,0.56621
0.516,0.567262
0.517,0.568316
0.518,0.569392
0.519,0.570465
0.52,0.571531
0.521,0.572599
0.522,0.573667
0.523,0.574746
0.524,0.575818
0.525,0.57689
0.526,0.577955
0.527,0.57901
0.528,0.580049
0.529,0.581067
0.53,0.582099
0.531,0.583172
0.532,0.584268
0.533,0.585305
0.534,0.586313
0.535,0.587363
0.536,0.588417
0.537,0.589471
0.538,0.590523
0.539,0.591594
0.54,0.592658
0.541,0.593728
0.542,0.594783
0.543,0.595852
0.544,0.596922
0.545,0.59798
0.546,0.599016
0.547,0.600052
0.548,0.601109
0.549,0.60215
0.55,0.603187
0.551,0.604236
0.552,0.605268
0.553,0.6063
0.554,0.607369
0.555,0.608416
0.556,0.60946
0.557,0.610513
0.558,0.611575
0.559,0.612628
0.56,0.613669
0.561,0.614722
0.562,0.615747
0.563,0.616788
0.564,0.617807
0.565,0.618832
0.566,0.619888
0.567,0.620923
0.568,0.62197
0.569,0.623029
0.57,0.62404
0.571,0.625082
0.572,0.62611
0.573,0.627133
0.574,0.62817
0.575,0.629173
0.576,0.630172
0.577,0.631198
0.578,0.632221
0.579,0.633228
0.58,0.634275
0.581,0.635284
0.582,0.636299
0.583,0.637354
0.584,0.638401
0.585,0.639426
0.586,0.640456
0.587,0.641475
0.588,0.642532
0.589,0.643582
0.59,0.644601
0.591,0.645626
0.592,0.646621
0.593,0.647637
0.594,0.648643
0.595,0.649652
0.596,0.650685
0.597,0.651688
0.598,0.652717
0.599,0.653743
0.6,0.654742
0.601,0.655768
0.602,0.656765
0.603,0.657774
0.604,0.658802
0.605,0.659803
0.606,0.660808
0.607,0.661799
0.608,0.662781
0.609,0.663815
0.61,0.664823
0.611,0.665829
0.612,0.666846
0.613,0.667873
0.614,0.668894
0.615,0.669875
0.616,0.670874
0.617,0.671887
0.618,0.672904
0.619,0.673899
0.62,0.674911
0.621,0.675895
0.622,0.676922
0.623,0.677908
0.624,0.678931
0.625,0.679952
0.626,0.680963
0.627,0.681964
0.628,0.682955
0.629,0.683959
0.63,0.684954
0.631,0.685938
0.632,0.68694
0.633,0.687941
0.634,0.688931
0.635,0.689947
0.636,0.690928
0.637,0.691929
0.638,0.692908
0.639,0.693938
0.64,0.69491
0.641,0.6959
0.642,0.696896
0.643,0.697902
0.644,0.698875
0.645,0.699852
0.646,0.700844
0.647,0.701808
0.648,0.702808
0.649,0.703809
0.65,0.704773
0.651,0.705776
0.652,0.706795
0.653,0.707794
0.654,0.7088
0.655,0.70977
0.656,0.710744
0.657,0.711735
0.658,0.712694
0.659,0.713666
0.66,0.714645
0.661,0.715619
0.662,0.716586
0.663,0.717584
0.664,0.718563
0.665,0.719573
0.666,0.720559
0.667,0.72154
0.668,0.722546
0.669,0.72353
0.67,0.724514
0.671,0.72551
0.672,0.726475
0.673,0.727455
0.674,0.728426
0.675,0.729383
0.676,0.730333
0.677,0.731288
0.678,0.732258
0.679,0.733247
0.68,0.734189
0.681,0.735146
0.682,0.736106
0.683,0.737056
0.684,0.738042
0.685,0.739017
0.686,0.740007
0.687,0.74098
0.688,0.741961
0.689,0.742917
0.69,0.743889
0.691,0.744846
0.692,0.74579
0.693,0.746712
0.694,0.747663
0.695,0.74859
0.696,0.749546
0.697,0.750526
0.698,0.751507
0.699,0.75245
0.7,0.753391
0.701,0.754328
0.702,0.755285
0.703,0.756238
0.704,0.757187
0.705,0.758163
0.706,0.75912
0.707,0.76005
0.708,0.760989
0.709,0.761935
0.71,0.762875
0.711,0.763815
0.712,0.764778
0.713,0.765741
0.714,0.766703
0.715,0.767662
0.716,0.768606
0.717,0.769579
0.718,0.770521
0.719,0.771477
0.72,0.772425
0.721,0.773355
0.722,0.77431
0.723,0.775262
0.724,0.776237
0.725,0.777174
0.726,0.778126
0.727,0.779071
0.728,0.780005
0.729,0.78096
0.73,0.781893
0.731,0.78282
0.732,0.783749
0.733,0.784674
0.734,0.785607
0.735,0.786548
0.736,0.787485
0.737,0.78846
0.738,0.789393
0.739,0.790342
0.74,0.79128
0.741,0.792218
0.742,0.79314
0.743,0.794085
0.744,0.795026
0.745,0.795996
0.746,0.796937
0.747,0.797855
0.748,0.798781
0.749,0.799723
0.75,0.800646
0.751,0.801587
0.752,0.80251
0.753,0.803466
0.754,0.80443
0.755,0.805345
0.756,0.806266
0.757,0.807207
0.758,0.808115
0.759,0.809033
0.76,0.809999
0.761,0.810941
0.762,0.811879
0.763,0.812785
0.764,0.813734
0.765,0.814656
0.766,0.815591
0.767,0.816529
0.768,0.81741
0.769,0.818331
0.77,0.819261
0.771,0.820165
0.772,0.821077
0.773,0.822023
0.774,0.822945
0.775,0.823882
0.776,0.824822
0.777,0.825764
0.778,0.826688
0.779,0.827609
0.78,0.828502
0.781,0.829426
0.782,0.830368
0.783,0.831295
0.784,0.832221
0.785,0.833136
0.786,0.834053
0.787,0.834986
0.788,0.835909
0.789,0.836826
0.79,0.837702
0.791,0.838597
0.792,0.839515
0.793,0.840452
0.794,0.841379
0.795,0.842295
0.796,0.843215
0.797,0.844161
0.798,0.845049
0.799,0.845977
0.8,0.846908
0.801,0.847822
0.802,0.848763
0.803,0.849657
0.804,0.850585
0.805,0.851514
0.806,0.852391
0.807,0.853281
0.808,0.854185
0.809,0.855102
0.81,0.856037
0.811,0.856951
0.812,0.857865
0.813,0.858774
0.814,0.859687
0.815,0.860586
0.816,0.861506
0.817,0.86241
0.818,0.863341
0.819,0.864243
0.82,0.865128
0.821,0.866025
0.822,0.866934
0.823,0.86783
0.824,0.868704
0.825,0.869629
0.826,0.870496
0.827,0.871403
0.828,0.872306
0.829,0.873204
0.83,0.874088
0.831,0.874969
0.832,0.875851
0.833,0.876725
0.834,0.877637
0.835,0.878541
0.836,0.879442
0.837,0.880329
0.838,0.881216
0.839,0.882104
0.84,0.882994
0.841,0.883889
0.842,0.884743
0.843,0.885663
0.844,0.886541
0.845,0.887427
0.846,0.888292
0.847,0.889196
0.848,0.890069
0.849,0.890962
0.85,0.891866
0.851,0.892741
0.852,0.893625
0.853,0.894517
0.854,0.89539
0.855,0.896282
0.856,0.897163
0.857,0.898039
0.858,0.89893
0.859,0.899787
0.86,0.900663
0.861,0.901529
0.862,0.902451
0.863,0.903315
0.864,0.904169
0.865,0.90505
0.866,0.905935
0.867,0.90684
0.868,0.907718
0.869,0.908586
0.87,0.909456
0.871,0.910323
0.872,0.911205
0.873,0.912094
0.874,0.912983
0.875,0.913854
0.876,0.914747
0.877,0.91561
0.878,0.916446
0.879,0.917314
0.88,0.91822
0.881,0.919091
0.882,0.920001
0.883,0.920889
0.884,0.921742
0.885,0.922611
0.886,0.923475
0.887,0.924345
0.888,0.925209
0.889,0.926078
0.89,0.926928
0.891,0.927794
0.892,0.928653
0.893,0.929504
0.894,0.930386
0.895,0.931232
0.896,0.932071
0.897,0.932941
0.898,0.933813
0.899,0.934674
0.9,0.935506
0.901,0.936369
0.902,0.937238
0.903,0.938099
0.904,0.93896
0.905,0.939815
0.906,0.94069
0.907,0.94156
0.908,0.942415
0.909,0.943273
0.91,0.944132
0.911,0.945002
0.912,0.945847
0.913,0.946693
0.914,0.947545
0.915,0.948388
0.916,0.949275
0.917,0.95015
0.918,0.951013
0.919,0.951922
0.92,0.952776
0.921,0.953625
0.922,0.954495
0.923,0.955359
0.924,0.956235
0.925,0.957095
0.926,0.957962
0.927,0.958831
0.928,0.959694
0.929,0.960549
0.93,0.961408
0.931,0.962242
0.932,0.963132
0.933,0.964
0.934,0.964862
0.935,0.965708
0.936,0.966563
0.937,0.967395
0.938,0.968261
0.939,0.969107
0.94,0.96995
0.941,0.970782
0.942,0.971641
0.943,0.972469
0.944,0.973323
0.945,0.974195
0.946,0.975052
0.947,0.975879
0.948,0.976708
0.949,0.977547
0.95,0.978342
0.951,0.979196
0.952,0.980036
0.953,0.980895
0.954,0.981764
0.955,0.982616
0.956,0.983441
0.957,0.984297
0.958,0.985167
0.959,0.985979
0.96,0.986831
0.961,0.98768
0.962,0.988509
0.963,0.989325
0.964,0.990164
0.965,0.990984
0.966,0.991818
0.967,0.992636
0.968,0.993479
0.969,0.994325
0.97,0.995171
0.971,0.995976
0.972,0.99681
0.973,0.997666
0.974,0.998499
0.975,0.999346
0.976,1.00017
0.977,1.00101
0.978,1.00186
0.979,1.00267
0.98,1.00349
0.981,1.00433
0.982,1.00517
0.983,1.00599
0.984,1.00682
0.985,1.00767
0.986,1.00849
0.987,1.00932
0.988,1.01015
0.989,1.01098
0.99,1.01178
0.991,1.01262
0.992,1.01347
0.993,1.01428
0.994,1.0151
0.995,1.01592
0.996,1.01674
0.997,1.01757
0.998,1.01839
0.999,1.0192
1,1.02
-1,0.0200249