0,0
0.001,1.60671e-08
0.002,1.17488e-06
0.003,1.65889e-06
0.004,2.18307e-06
0.005,2.71729e-06
0.006,3.36197e-06
0.007,3.9464e-06
0.008,4.67744e-06
0.009,5.45065e-06
0.01,6.33432e-06
0.011,7.12963e-06
0.012,8.17397e-06
0.013,9.12191e-06
0.014,1.01401e-05
0.015,1.15359e-05
0.016,1.30221e-05
0.017,1.45424e-05
0.018,1.61471e-05
0.019,1.78381e-05
0.02,2.04389e-05
0.021,2.28971e-05
0.022,2.57771e-05
0.023,2.99645e-05
0.024,3.35394e-05
0.025,3.85181e-05
0.026,4.53023e-05
0.027,5.23274e-05
0.028,6.29596e-05
0.029,7.3411e-05
0.03,9.20042e-05
0.031,0.000114482
0.032,0.000152186
0.033,0.000212762
0.034,0.00031159
0.035,0.000485724
0.036,0.000985479
0.037,0.00230188
0.038,0.00467462
0.039,0.00809799
0.04,0.0119085
0.041,0.0158595
0.042,0.0200343
0.043,0.0243722
0.044,0.0288728
0.045,0.0333526
0.046,0.0379421
0.047,0.0426485
0.048,0.047374
0.049,0.0521502
0.05,0.0570023
0.051,0.0619198
0.052,0.066858
0.053,0.0718217
0.054,0.0767815
0.055,0.081769
0.056,0.0867327
0.057,0.091727
0.058,0.096712
0.059,0.101657
0.06,0.106616
0.061,0.111556
0.062,0.11647
0.063,0.121387
0.064,0.126231
0.065,0.131076
0.066,0.135899
0.067,0.140694
0.068,0.145462
0.069,0.150205
0.07,0.154918
0.071,0.159629
0.072,0.164288
0.073,0.168921
0.074,0.173502
0.075,0.178071
0.076,0.182593
0.077,0.187083
0.078,0.191547
0.079,0.195973
0.08,0.200364
0.081,0.204723
0.082,0.209053
0.083,0.213356
0.084,0.217601
0.085,0.221848
0.086,0.226056
0.087,0.230213
0.088,0.234342
0.089,0.238432
0.09,0.242497
0.091,0.246519
0.092,0.250515
0.093,0.254483
0.094,0.258409
0.095,0.262303
0.096,0.266177
0.097,0.270016
0.098,0.273829
0.099,0.277602
0.1,0.281345
0.101,0.285063
0.102,0.288745
0.103,0.292397
0.104,0.296016
0.105,0.299607
0.106,0.303178
0.107,0.306712
0.108,0.310216
0.109,0.3137
0.11,0.317157
0.111,0.320583
0.112,0.323978
0.113,0.327345
0.114,0.330692
0.115,0.33401
0.116,0.337307
0.117,0.34057
0.118,0.34381
0.119,0.347021
0.12,0.35021
0.121,0.353371
0.122,0.356511
0.123,0.35963
0.124,0.362719
0.125,0.365788
0.126,0.36883
0.127,0.371846
0.128,0.374843
0.129,0.377812
0.13,0.380765
0.131,0.383694
0.132,0.3866
0.133,0.389483
0.134,0.392345
0.135,0.395191
0.136,0.398013
0.137,0.400821
0.138,0.403603
0.139,0.406363
0.14,0.409104
0.141,0.411825
0.142,0.414526
0.143,0.41721
0.144,0.419876
0.145,0.422526
0.146,0.425151
0.147,0.427757
0.148,0.430342
0.149,0.432913
0.15,0.435462
0.151,0.437994
0.152,0.440508
0.153,0.443007
0.154,0.445489
0.155,0.447955
0.156,0.450396
0.157,0.452824
0.158,0.455235
0.159,0.457626
0.16,0.46001
0.161,0.462379
0.162,0.464726
0.163,0.467056
0.164,0.46937
0.165,0.471671
0.166,0.473957
0.167,0.47623
0.168,0.478489
0.169,0.480729
0.17,0.482957
0.171,0.485166
0.172,0.487361
0.173,0.489545
0.174,0.491716
0.175,0.493875
0.176,0.496014
0.177,0.49814
0.178,0.500252
0.179,0.502349
0.18,0.504441
0.181,0.506513
0.182,0.508574
0.183,0.510623
0.184,0.512659
0.185,0.514679
0.186,0.516688
0.187,0.518689
0.188,0.520673
0.189,0.522647
0.19,0.524603
0.191,0.526554
0.192,0.528491
0.193,0.530412
0.194,0.532325
0.195,0.534229
0.196,0.536118
0.197,0.537998
0.198,0.539868
0.199,0.541726
0.2,0.543575
0.201,0.545411
0.202,0.547236
0.203,0.549051
0.204,0.55086
0.205,0.552655
0.206,0.554435
0.207,0.55621
0.208,0.557973
0.209,0.559725
0.21,0.561462
0.211,0.563198
0.212,0.564921
0.213,0.566635
0.214,0.568339
0.215,0.570033
0.216,0.571716
0.217,0.573393
0.218,0.575059
0.219,0.576717
0.22,0.578363
0.221,0.580002
0.222,0.581635
0.223,0.583254
0.224,0.584863
0.225,0.586467
0.226,0.588058
0.227,0.589642
0.228,0.591219
0.229,0.592786
0.23,0.594345
0.231,0.595896
0.232,0.597439
0.233,0.598977
0.234,0.600507
0.235,0.602023
0.236,0.603535
0.237,0.605038
0.238,0.606532
0.239,0.608022
0.24,0.609503
0.241,0.610977
0.242,0.61244
0.243,0.613897
0.244,0.615349
0.245,0.616791
0.246,0.618227
0.247,0.619653
0.248,0.621075
0.249,0.622488
0.25,0.623896
0.251,0.625296
0.252,0.626687
0.253,0.628073
0.254,0.629452
0.255,0.630823
0.256,0.632189
0.257,0.633547
0.258,0.6349
0.259,0.636245
0.26,0.637581
0.261,0.638911
0.262,0.640235
0.263,0.641553
0.264,0.642865
0.265,0.64417
0.266,0.64547
0.267,0.646764
0.268,0.64805
0.269,0.64933
0.27,0.650604
0.271,0.651873
0.272,0.653137
0.273,0.654394
0.274,0.655645
0.275,0.656888
0.276,0.658125
0.277,0.659356
0.278,0.660584
0.279,0.661804
0.28,0.663019
0.281,0.66423
0.282,0.665435
0.283,0.666633
0.284,0.667828
0.285,0.66902
0.286,0.670202
0.287,0.67138
0.288,0.672553
0.289,0.673723
0.29,0.674884
0.291,0.676041
0.292,0.677192
0.293,0.678337
0.294,0.679477
0.295,0.68061
0.296,0.681742
0.297,0.68287
0.298,0.683989
0.299,0.685106
0.3,0.686215
0.301,0.687322
0.302,0.688422
0.303,0.689519
0.304,0.690611
0.305,0.6917
0.306,0.692778
0.307,0.693855
0.308,0.694925
0.309,0.695992
0.31,0.697056
0.311,0.698115
0.312,0.699171
0.313,0.700221
0.314,0.701266
0.315,0.702308
0.316,0.703346
0.317,0.704378
0.318,0.705407
0.319,0.706432
0.32,0.707452
0.321,0.708469
0.322,0.709477
0.323,0.710485
0.324,0.711486
0.325,0.712486
0.326,0.713479
0.327,0.714468
0.328,0.715454
0.329,0.716438
0.33,0.717416
0.331,0.71839
0.332,0.71936
0.333,0.720326
0.334,0.721292
0.335,0.72225
0.336,0.723208
0.337,0.724159
0.338,0.725107
0.339,0.726051
0.34,0.726991
0.341,0.72793
0.342,0.728864
0.343,0.729795
0.344,0.730721
0.345,0.731643
0.346,0.73256
0.347,0.733475
0.348,0.734384
0.349,0.735291
0.35,0.736193
0.351,0.737094
0.352,0.737993
0.353,0.738886
0.354,0.739777
0.355,0.740663
0.356,0.741544
0.357,0.742423
0.358,0.7433
0.359,0.744173
0.36,0.745042
0.361,0.745907
0.362,0.746772
0.363,0.747632
0.364,0.748489
0.365,0.749342
0.366,0.750191
0.367,0.751037
0.368,0.751878
0.369,0.752719
0.37,0.753558
0.371,0.754391
0.372,0.755224
0.373,0.756052
0.374,0.756876
0.375,0.7577
0.376,0.758518
0.377,0.759331
0.378,0.760145
0.379,0.760955
0.38,0.761762
0.381,0.762566
0.382,0.763365
0.383,0.764163
0.384,0.764958
0.385,0.765752
0.386,0.766541
0.387,0.767327
0.388,0.768112
0.389,0.768894
0.39,0.769671
0.391,0.770443
0.392,0.771217
0.393,0.771988
0.394,0.772755
0.395,0.77352
0.396,0.774283
0.397,0.775043
0.398,0.775799
0.399,0.776552
0.4,0.777303
0.401,0.778052
0.402,0.778798
0.403,0.779541
0.404,0.780278
0.405,0.781016
0.406,0.781751
0.407,0.782485
0.408,0.783217
0.409,0.783947
0.41,0.784673
0.411,0.785396
0.412,0.786117
0.413,0.786834
0.414,0.787548
0.415,0.788264
0.416,0.788977
0.417,0.789687
0.418,0.79039
0.419,0.791093
0.42,0.791794
0.421,0.792491
0.422,0.793187
0.423,0.793881
0.424,0.794575
0.425,0.795264
0.426,0.795951
0.427,0.796635
0.428,0.797316
0.429,0.797996
0.43,0.798672
0.431,0.799346
0.432,0.800019
0.433,0.800692
0.434,0.80136
0.435,0.802028
0.436,0.80269
0.437,0.803353
0.438,0.80401
0.439,0.804669
0.44,0.805328
0.441,0.805983
0.442,0.806633
0.443,0.807282
0.444,0.807931
0.445,0.808577
0.446,0.809219
0.447,0.809862
0.448,0.810503
0.449,0.811139
0.45,0.811774
0.451,0.812406
0.452,0.81304
0.453,0.813671
0.454,0.814297
0.455,0.814922
0.456,0.815547
0.457,0.81617
0.458,0.816788
0.459,0.817407
0.46,0.818025
0.461,0.818637
0.462,0.819248
0.463,0.819856
0.464,0.820465
0.465,0.82107
0.466,0.821676
0.467,0.822278
0.468,0.822877
0.469,0.823478
0.47,0.824074
0.471,0.824669
0.472,0.825263
0.473,0.825852
0.474,0.826443
0.475,0.827032
0.476,0.827618
0.477,0.828202
0.478,0.828783
0.479,0.829362
0.48,0.82994
0.481,0.830517
0.482,0.831091
0.483,0.831666
0.484,0.832236
0.485,0.832805
0.486,0.833373
0.487,0.833942
0.488,0.834507
0.489,0.835069
0.49,0.83563
0.491,0.836192
0.492,0.836751
0.493,0.837308
0.494,0.837864
0.495,0.838418
0.496,0.838971
0.497,0.839522
0.498,0.84007
0.499,0.840618
0.5,0.841161
0.501,0.841705
0.502,0.842247
0.503,0.842787
0.504,0.843326
0.505,0.843864
0.506,0.844401
0.507,0.844935
0.508,0.84547
0.509,0.846001
0.51,0.846532
0.511,0.847062
0.512,0.847587
0.513,0.848112
0.514,0.848637
0.515,0.84916
0.516,0.849684
0.517,0.850202
0.518,0.850718
0.519,0.851235
0.52,0.851753
0.521,0.852266
0.522,0.852777
0.523,0.853287
0.524,0.853799
0.525,0.854307
0.526,0.854814
0.527,0.855319
0.528,0.855824
0.529,0.856326
0.53,0.856827
0.531,0.857326
0.532,0.857825
0.533,0.85832
0.534,0.858816
0.535,0.85931
0.536,0.859802
0.537,0.860293
0.538,0.860784
0.539,0.861273
0.54,0.861758
0.541,0.862244
0.542,0.862728
0.543,0.863214
0.544,0.863695
0.545,0.864175
0.546,0.864655
0.547,0.865136
0.548,0.865612
0.549,0.866089
0.55,0.866561
0.551,0.867033
0.552,0.867504
0.553,0.867976
0.554,0.868446
0.555,0.868915
0.556,0.869383
0.557,0.869847
0.558,0.870312
0.559,0.870776
0.56,0.871236
0.561,0.871696
0.562,0.872155
0.563,0.872614
0.564,0.873071
0.565,0.873529
0.566,0.873982
0.567,0.874436
0.568,0.874887
0.569,0.875339
0.57,0.875788
0.571,0.876236
0.572,0.876684
0.573,0.877131
0.574,0.877574
0.575,0.878018
0.576,0.87846
0.577,0.878903
0.578,0.879343
0.579,0.879783
0.58,0.880222
0.581,0.880659
0.582,0.881094
0.583,0.881528
0.584,0.881963
0.585,0.882394
0.586,0.882824
0.587,0.883255
0.588,0.883684
0.589,0.884111
0.59,0.884537
0.591,0.884963
0.592,0.885388
0.593,0.885813
0.594,0.886236
0.595,0.886658
0.596,0.887079
0.597,0.8875
0.598,0.887918
0.599,0.888336
0.6,0.888751
0.601,0.889167
0.602,0.88958
0.603,0.889993
0.604,0.890406
0.605,0.890818
0.606,0.891228
0.607,0.891636
0.608,0.892043
0.609,0.89245
0.61,0.892858
0.611,0.893262
0.612,0.893667
0.613,0.89407
0.614,0.894473
0.615,0.894874
0.616,0.895272
0.617,0.895672
0.618,0.896069
0.619,0.896466
0.62,0.896862
0.621,0.897257
0.622,0.897651
0.623,0.898045
0.624,0.898438
0.625,0.898828
0.626,0.89922
0.627,0.899609
0.628,0.899997
0.629,0.900385
0.63,0.900771
0.631,0.901157
0.632,0.901541
0.633,0.901925
0.634,0.902308
0.635,0.902692
0.636,0.903074
0.637,0.903453
0.638,0.903832
0.639,0.904211
0.64,0.904588
0.641,0.904964
0.642,0.90534
0.643,0.905714
0.644,0.906087
0.645,0.90646
0.646,0.906832
0.647,0.907203
0.648,0.907573
0.649,0.907943
0.65,0.908311
0.651,0.908677
0.652,0.909042
0.653,0.909409
0.654,0.909774
0.655,0.91014
0.656,0.910502
0.657,0.910864
0.658,0.911226
0.659,0.911587
0.66,0.911946
0.661,0.912306
0.662,0.912666
0.663,0.913023
0.664,0.913379
0.665,0.913735
0.666,0.914089
0.667,0.914443
0.668,0.914797
0.669,0.91515
0.67,0.915502
0.671,0.915852
0.672,0.916203
0.673,0.916554
0.674,0.916904
0.675,0.917253
0.676,0.917603
0.677,0.917948
0.678,0.918295
0.679,0.918639
0.68,0.918984
0.681,0.919328
0.682,0.919671
0.683,0.920012
0.684,0.920354
0.685,0.920694
0.686,0.921034
0.687,0.921371
0.688,0.921708
0.689,0.922045
0.69,0.922381
0.691,0.922717
0.692,0.923052
0.693,0.923386
0.694,0.923721
0.695,0.924053
0.696,0.924385
0.697,0.924716
0.698,0.925047
0.699,0.925376
0.7,0.925706
0.701,0.926035
0.702,0.926362
0.703,0.926688
0.704,0.927014
0.705,0.92734
0.706,0.927663
0.707,0.927988
0.708,0.928312
0.709,0.928633
0.71,0.928955
0.711,0.929276
0.712,0.929596
0.713,0.929916
0.714,0.930235
0.715,0.930554
0.716,0.930872
0.717,0.931189
0.718,0.931505
0.719,0.931821
0.72,0.932135
0.721,0.932451
0.722,0.932764
0.723,0.933077
0.724,0.93339
0.725,0.933702
0.726,0.934013
0.727,0.934322
0.728,0.934631
0.729,0.934939
0.73,0.935248
0.731,0.935556
0.732,0.935863
0.733,0.93617
0.734,0.936476
0.735,0.936782
0.736,0.937088
0.737,0.937393
0.738,0.937694
0.739,0.937997
0.74,0.938298
0.741,0.938599
0.742,0.9389
0.743,0.9392
0.744,0.939501
0.745,0.939798
0.746,0.940097
0.747,0.940395
0.748,0.940691
0.749,0.940988
0.75,0.941283
0.751,0.941577
0.752,0.941871
0.753,0.942164
0.754,0.942457
0.755,0.942751
0.756,0.943044
0.757,0.943335
0.758,0.943627
0.759,0.943917
0.76,0.944208
0.761,0.944495
0.762,0.944784
0.763,0.945072
0.764,0.945359
0.765,0.945647
0.766,0.945934
0.767,0.94622
0.768,0.946504
0.769,0.946791
0.77,0.947075
0.771,0.947359
0.772,0.94764
0.773,0.947922
0.774,0.948203
0.775,0.948485
0.776,0.948765
0.777,0.949043
0.778,0.949323
0.779,0.949601
0.78,0.949879
0.781,0.950156
0.782,0.950433
0.783,0.950709
0.784,0.950984
0.785,0.95126
0.786,0.951535
0.787,0.95181
0.788,0.952084
0.789,0.952358
0.79,0.952631
0.791,0.952904
0.792,0.953175
0.793,0.953444
0.794,0.953716
0.795,0.953987
0.796,0.954257
0.797,0.954526
0.798,0.954794
0.799,0.955061
0.8,0.955328
0.801,0.955595
0.802,0.955863
0.803,0.956129
0.804,0.956395
0.805,0.95666
0.806,0.956923
0.807,0.957185
0.808,0.957449
0.809,0.957711
0.81,0.957973
0.811,0.958234
0.812,0.958495
0.813,0.958755
0.814,0.959015
0.815,0.959274
0.816,0.959533
0.817,0.959792
0.818,0.960051
0.819,0.960308
0.82,0.960566
0.821,0.960823
0.822,0.961078
0.823,0.961334
0.824,0.961589
0.825,0.961843
0.826,0.962097
0.827,0.962351
0.828,0.962605
0.829,0.962859
0.83,0.963112
0.831,0.963364
0.832,0.963616
0.833,0.963867
0.834,0.964116
0.835,0.964366
0.836,0.964616
0.837,0.964866
0.838,0.965114
0.839,0.965364
0.84,0.965612
0.841,0.965859
0.842,0.966106
0.843,0.966352
0.844,0.966596
0.845,0.966842
0.846,0.967087
0.847,0.967331
0.848,0.967573
0.849,0.967817
0.85,0.96806
0.851,0.968303
0.852,0.968545
0.853,0.968785
0.854,0.969027
0.855,0.969268
0.856,0.969507
0.857,0.969748
0.858,0.969986
0.859,0.970225
0.86,0.970465
0.861,0.970702
0.862,0.97094
0.863,0.971177
0.864,0.971413
0.865,0.971649
0.866,0.971886
0.867,0.972121
0.868,0.972355
0.869,0.972589
0.87,0.972823
0.871,0.973056
0.872,0.97329
0.873,0.973524
0.874,0.973755
0.875,0.973988
0.876,0.97422
0.877,0.974452
0.878,0.974683
0.879,0.974913
0.88,0.975142
0.881,0.975371
0.882,0.975601
0.883,0.97583
0.884,0.976058
0.885,0.976286
0.886,0.976513
0.887,0.97674
0.888,0.976966
0.889,0.977192
0.89,0.977419
0.891,0.977644
0.892,0.977867
0.893,0.978093
0.894,0.978317
0.895,0.978541
0.896,0.978764
0.897,0.978987
0.898,0.979209
0.899,0.979432
0.9,0.979654
0.901,0.979874
0.902,0.980095
0.903,0.980316
0.904,0.980537
0.905,0.980756
0.906,0.980976
0.907,0.981195
0.908,0.981414
0.909,0.981632
0.91,0.981849
0.911,0.982067
0.912,0.982285
0.913,0.982501
0.914,0.982717
0.915,0.982932
0.916,0.983148
0.917,0.983364
0.918,0.983577
0.919,0.983792
0.92,0.984006
0.921,0.984219
0.922,0.984432
0.923,0.984646
0.924,0.984858
0.925,0.985071
0.926,0.985284
0.927,0.985495
0.928,0.985707
0.929,0.985918
0.93,0.986127
0.931,0.986337
0.932,0.986546
0.933,0.986756
0.934,0.986966
0.935,0.987174
0.936,0.987382
0.937,0.987589
0.938,0.987796
0.939,0.988003
0.94,0.988209
0.941,0.988415
0.942,0.988621
0.943,0.988827
0.944,0.989032
0.945,0.989238
0.946,0.989443
0.947,0.989646
0.948,0.98985
0.949,0.990054
0.95,0.990257
0.951,0.99046
0.952,0.990663
0.953,0.990865
0.954,0.991067
0.955,0.991269
0.956,0.991469
0.957,0.991669
0.958,0.99187
0.959,0.992069
0.96,0.99227
0.961,0.99247
0.962,0.99267
0.963,0.992869
0.964,0.993069
0.965,0.993267
0.966,0.993463
0.967,0.993662
0.968,0.993859
0.969,0.994056
0.97,0.994253
0.971,0.99445
0.972,0.994646
0.973,0.994841
0.974,0.995036
0.975,0.99523
0.976,0.995425
0.977,0.995619
0.978,0.995813
0.979,0.996008
0.98,0.996201
0.981,0.996394
0.982,0.996587
0.983,0.996779
0.984,0.996971
0.985,0.997163
0.986,0.997355
0.987,0.997545
0.988,0.997736
0.989,0.997926
0.99,0.998116
0.991,0.998305
0.992,0.998494
0.993,0.998684
0.994,0.998872
0.995,0.999062
0.996,0.999251
0.997,0.99944
0.998,0.999626
0.999,0.999813
1,1
0.0377893,0.004354
