0,0.02
0.00100004,0.0200192
0.002,0.020037
0.00300004,0.0200596
0.004,0.020085
0.00500004,0.0201206
0.00600001,0.0201968
0.00700004,0.020279
0.00800001,0.0204582
0.00900005,0.020684
0.01,0.0210228
0.011,0.0213362
0.012,0.021673
0.0130001,0.0220174
0.014,0.022376
0.0150001,0.0227503
0.016,0.023136
0.0170001,0.0235399
0.018,0.0239567
0.0190001,0.0243825
0.02,0.024827
0.0210001,0.025289
0.022,0.0257757
0.0230001,0.0262608
0.024,0.026765
0.0250001,0.0272859
0.026,0.0278239
0.0270001,0.0283697
0.028,0.0289379
0.0290001,0.0295123
0.03,0.0300988
0.0310001,0.0307017
0.032,0.0313115
0.0330001,0.0319351
0.034,0.0325717
0.0350001,0.0332162
0.036,0.0338671
0.037,0.0345393
0.038,0.0352224
0.039,0.0359165
0.04,0.0366235
0.041,0.0373329
0.042,0.0380556
0.043,0.0387839
0.044,0.0395275
0.045,0.0402747
0.046,0.0410354
0.047,0.0418073
0.0480001,0.0425853
0.049,0.0433688
0.0500001,0.0441604
0.051,0.0449644
0.0520001,0.0457794
0.053,0.0466004
0.0540001,0.0474277
0.055,0.0482642
0.0560001,0.0491046
0.057,0.0499582
0.0580001,0.0508138
0.059,0.0516812
0.0600001,0.0525546
0.061,0.0534312
0.0620001,0.0543144
0.063,0.0552045
0.0640001,0.0561096
0.065,0.0570195
0.0660001,0.0579268
0.067,0.0588428
0.0680001,0.0597664
0.069,0.0606904
0.0700001,0.0616222
0.071,0.0625644
0.072,0.0635163
0.073,0.0644748
0.074,0.0654305
0.075,0.0663943
0.076,0.067363
0.077,0.0683418
0.078,0.0693197
0.079,0.0702993
0.08,0.0712892
0.081,0.0722781
0.082,0.0732759
0.083,0.074278
0.084,0.0752883
0.0850001,0.0763006
0.086,0.0773204
0.0870001,0.0783407
0.088,0.0793668
0.0890001,0.0803954
0.09,0.0814236
0.0910001,0.0824545
0.092,0.0834894
0.0930001,0.0845339
0.094,0.0855821
0.0950001,0.0866332
0.096,0.0876794
0.0970001,0.0887331
0.098,0.0897922
0.0990001,0.0908527
0.1,0.0919194
0.101,0.092986
0.102,0.0940553
0.103,0.0951327
0.104,0.0962158
0.105,0.097295
0.106,0.0983825
0.107,0.09947
0.108,0.100558
0.109,0.101653
0.11,0.102746
0.111,0.103844
0.112,0.104952
0.113,0.106056
0.114,0.107163
0.115,0.108275
0.116,0.109386
0.117,0.110499
0.118,0.111611
0.119,0.112731
0.12,0.113847
0.121,0.114974
0.122,0.116099
0.123,0.117227
0.124,0.118355
0.125,0.119485
0.126,0.120619
0.127,0.121758
0.128,0.122898
0.129,0.124039
0.13,0.12518
0.131,0.126324
0.132,0.127467
0.133,0.128609
0.134,0.129756
0.135,0.130909
0.136,0.132062
0.137,0.133218
0.138,0.134373
0.139,0.135529
0.14,0.136688
0.141,0.137846
0.142,0.139
0.143,0.140159
0.144,0.141318
0.145,0.142481
0.146,0.143643
0.147,0.14481
0.148,0.145979
0.149,0.14715
0.15,0.148323
0.151,0.149496
0.152,0.150666
0.153,0.151837
0.154,0.153011
0.155,0.154183
0.156,0.155364
0.157,0.156538
0.158,0.157714
0.159,0.158892
0.16,0.160072
0.161,0.161253
0.162,0.162435
0.163,0.163613
0.164,0.164791
0.165,0.165974
0.166,0.167153
0.167,0.168333
0.168,0.169518
0.169,0.170706
0.17,0.171889
0.171,0.173074
0.172,0.17426
0.173,0.175451
0.174,0.176642
0.175,0.177831
0.176,0.179016
0.177,0.180214
0.178,0.181407
0.179,0.182597
0.18,0.18379
0.181,0.184992
0.182,0.186187
0.183,0.187384
0.184,0.188579
0.185,0.189776
0.186,0.190972
0.187,0.192171
0.188,0.193367
0.189,0.194564
0.19,0.195759
0.191,0.196959
0.192,0.198161
0.193,0.199361
0.194,0.200559
0.195,0.201758
0.196,0.202962
0.197,0.20416
0.198,0.205362
0.199,0.206569
0.2,0.207766
0.201,0.208967
0.202,0.210167
0.203,0.211369
0.204,0.212572
0.205,0.213773
0.206,0.214978
0.207,0.216177
0.208,0.217382
0.209,0.218585
0.21,0.219785
0.211,0.220986
0.212,0.222191
0.213,0.223393
0.214,0.224595
0.215,0.225802
0.216,0.227004
0.217,0.228206
0.218,0.229411
0.219,0.230615
0.22,0.231815
0.221,0.233017
0.222,0.234221
0.223,0.235424
0.224,0.236627
0.225,0.237829
0.226,0.239037
0.227,0.240245
0.228,0.241449
0.229,0.242653
0.23,0.243854
0.231,0.245055
0.232,0.24626
0.233,0.247462
0.234,0.248664
0.235,0.249866
0.236,0.251071
0.237,0.252274
0.238,0.253478
0.239,0.254679
0.24,0.255888
0.241,0.257092
0.242,0.258294
0.243,0.2595
0.244,0.260702
0.245,0.261903
0.246,0.263108
0.247,0.26431
0.248,0.265512
0.249,0.266715
0.25,0.267916
0.251,0.269121
0.252,0.270323
0.253,0.271523
0.254,0.27272
0.255,0.273921
0.256,0.275116
0.257,0.276322
0.258,0.277515
0.259,0.278712
0.26,0.27991
0.261,0.281109
0.262,0.282309
0.263,0.283506
0.264,0.284703
0.265,0.285897
0.266,0.287095
0.267,0.288294
0.268,0.289491
0.269,0.290686
0.27,0.291882
0.271,0.293078
0.272,0.294269
0.273,0.295464
0.274,0.296657
0.275,0.297848
0.276,0.299042
0.277,0.300237
0.278,0.301434
0.279,0.302625
0.28,0.303814
0.281,0.305008
0.282,0.306196
0.283,0.307387
0.284,0.308574
0.285,0.309763
0.286,0.310954
0.287,0.312138
0.288,0.313324
0.289,0.314514
0.29,0.315701
0.291,0.316888
0.292,0.318075
0.293,0.319264
0.294,0.32045
0.295,0.321639
0.296,0.322816
0.297,0.324001
0.298,0.325188
0.299,0.326373
0.3,0.327554
0.301,0.328736
0.302,0.329921
0.303,0.3311
0.304,0.332279
0.305,0.33346
0.306,0.334637
0.307,0.335814
0.308,0.336995
0.309,0.338174
0.31,0.339353
0.311,0.340527
0.312,0.341705
0.313,0.34288
0.314,0.344057
0.315,0.345236
0.316,0.346413
0.317,0.347588
0.318,0.348761
0.319,0.349936
0.32,0.351108
0.321,0.352277
0.322,0.35345
0.323,0.354622
0.324,0.355795
0.325,0.356968
0.326,0.35814
0.327,0.359306
0.328,0.360475
0.329,0.361642
0.33,0.362812
0.331,0.363981
0.332,0.365144
0.333,0.366311
0.334,0.367478
0.335,0.368644
0.336,0.369813
0.337,0.370981
0.338,0.372148
0.339,0.373315
0.34,0.374477
0.341,0.375636
0.342,0.376797
0.343,0.37796
0.344,0.379124
0.345,0.380286
0.346,0.381447
0.347,0.382613
0.348,0.383777
0.349,0.384933
0.35,0.386092
0.351,0.387251
0.352,0.388409
0.353,0.389565
0.354,0.390719
0.355,0.391871
0.356,0.393025
0.357,0.394176
0.358,0.395332
0.359,0.396487
0.36,0.39764
0.361,0.398791
0.362,0.399947
0.363,0.401095
0.364,0.402242
0.365,0.403394
0.366,0.404541
0.367,0.40569
0.368,0.406837
0.369,0.407985
0.37,0.409132
0.371,0.410278
0.372,0.411424
0.373,0.41257
0.374,0.413713
0.375,0.414858
0.376,0.416005
0.377,0.417146
0.378,0.418287
0.379,0.419429
0.38,0.420571
0.381,0.421706
0.382,0.422846
0.383,0.423982
0.384,0.425122
0.385,0.426262
0.386,0.427402
0.387,0.428538
0.388,0.429675
0.389,0.430809
0.39,0.431945
0.391,0.433084
0.392,0.434217
0.393,0.435347
0.394,0.43648
0.395,0.437609
0.396,0.438743
0.397,0.439876
0.398,0.441007
0.399,0.442136
0.4,0.443266
0.401,0.444394
0.402,0.445523
0.403,0.44665
0.404,0.447778
0.405,0.448901
0.406,0.450027
0.407,0.451152
0.408,0.452276
0.409,0.453402
0.41,0.454525
0.411,0.455645
0.412,0.456768
0.413,0.457888
0.414,0.459006
0.415,0.460126
0.416,0.461243
0.417,0.46236
0.418,0.463478
0.419,0.464593
0.42,0.465708
0.421,0.466827
0.422,0.467941
0.423,0.469059
0.424,0.470172
0.425,0.471287
0.426,0.472401
0.427,0.473512
0.428,0.474625
0.429,0.475739
0.43,0.476854
0.431,0.477967
0.432,0.479077
0.433,0.480187
0.434,0.481295
0.435,0.482404
0.436,0.483511
0.437,0.484616
0.438,0.485721
0.439,0.486828
0.44,0.487933
0.441,0.489035
0.442,0.490138
0.443,0.491243
0.444,0.492346
0.445,0.493447
0.446,0.494549
0.447,0.495648
0.448,0.49675
0.449,0.497853
0.45,0.498951
0.451,0.500046
0.452,0.501144
0.453,0.502241
0.454,0.503336
0.455,0.504431
0.456,0.505527
0.457,0.506624
0.458,0.507719
0.459,0.50881
0.46,0.509901
0.461,0.510989
0.462,0.512078
0.463,0.513172
0.464,0.51426
0.465,0.515348
0.466,0.516436
0.467,0.517527
0.468,0.518615
0.469,0.519702
0.47,0.520789
0.471,0.521872
0.472,0.52296
0.473,0.524046
0.474,0.525129
0.475,0.526212
0.476,0.527294
0.477,0.528377
0.478,0.529456
0.479,0.530539
0.48,0.531622
0.481,0.532705
0.482,0.533781
0.483,0.534863
0.484,0.53594
0.485,0.537018
0.486,0.538095
0.487,0.539168
0.488,0.540244
0.489,0.54132
0.49,0.542396
0.491,0.54347
0.492,0.544544
0.493,0.545619
0.494,0.546689
0.495,0.54776
0.496,0.548829
0.497,0.549899
0.498,0.550968
0.499,0.552038
0.5,0.553105
0.501,0.554171
0.502,0.555237
0.503,0.556303
0.504,0.557375
0.505,0.558439
0.506,0.559501
0.507,0.560564
0.508,0.561628
0.509,0.562692
0.51,0.563754
0.511,0.564817
0.512,0.565881
0.513,0.56694
0.514,0.568
0.515,0.569063
0.516,0.570121
0.517,0.571182
0.518,0.57224
0.519,0.573294
0.52,0.574351
0.521,0.575406
0.522,0.576463
0.523,0.577518
0.524,0.578571
0.525,0.579625
0.526,0.580676
0.527,0.581733
0.528,0.582785
0.529,0.583835
0.53,0.584889
0.531,0.585935
0.532,0.586984
0.533,0.588033
0.534,0.589082
0.535,0.590127
0.536,0.591175
0.537,0.59222
0.538,0.593269
0.539,0.594315
0.54,0.595362
0.541,0.596407
0.542,0.597448
0.543,0.598492
0.544,0.599536
0.545,0.600577
0.546,0.601617
0.547,0.602656
0.548,0.603694
0.549,0.604733
0.55,0.605771
0.551,0.60681
0.552,0.607846
0.553,0.608877
0.554,0.609911
0.555,0.610948
0.556,0.611982
0.557,0.613013
0.558,0.61405
0.559,0.615081
0.56,0.616113
0.561,0.617146
0.562,0.618175
0.563,0.619207
0.564,0.620235
0.565,0.621266
0.566,0.622297
0.567,0.623327
0.568,0.624355
0.569,0.625383
0.57,0.626409
0.571,0.627439
0.572,0.628462
0.573,0.629488
0.574,0.630513
0.575,0.631538
0.576,0.632563
0.577,0.633585
0.578,0.634609
0.579,0.635631
0.58,0.636653
0.581,0.637673
0.582,0.638698
0.583,0.639717
0.584,0.640735
0.585,0.641752
0.586,0.642769
0.587,0.643789
0.588,0.644802
0.589,0.645816
0.59,0.646833
0.591,0.647848
0.592,0.648865
0.593,0.649878
0.594,0.650893
0.595,0.651908
0.596,0.65292
0.597,0.65393
0.598,0.654942
0.599,0.655953
0.6,0.656959
0.601,0.657966
0.602,0.658976
0.603,0.659983
0.604,0.66099
0.605,0.661998
0.606,0.663003
0.607,0.664007
0.608,0.665012
0.609,0.666015
0.61,0.66702
0.611,0.668024
0.612,0.669024
0.613,0.670027
0.614,0.671027
0.615,0.672025
0.616,0.673027
0.617,0.674027
0.618,0.675025
0.619,0.676024
0.62,0.677024
0.621,0.678018
0.622,0.679016
0.623,0.680013
0.624,0.681012
0.625,0.682008
0.626,0.683005
0.627,0.684
0.628,0.684995
0.629,0.685993
0.63,0.686989
0.631,0.687978
0.632,0.688972
0.633,0.689962
0.634,0.690951
0.635,0.691938
0.636,0.692926
0.637,0.693915
0.638,0.694903
0.639,0.69589
0.64,0.696877
0.641,0.697862
0.642,0.698848
0.643,0.699832
0.644,0.700817
0.645,0.701803
0.646,0.702786
0.647,0.703771
0.648,0.704755
0.649,0.705738
0.65,0.706722
0.651,0.707705
0.652,0.708687
0.653,0.709665
0.654,0.710648
0.655,0.711624
0.656,0.712602
0.657,0.713579
0.658,0.714559
0.659,0.715535
0.66,0.716512
0.661,0.717486
0.662,0.718461
0.663,0.719435
0.664,0.720407
0.665,0.72138
0.666,0.722352
0.667,0.723321
0.668,0.724294
0.669,0.725267
0.67,0.726237
0.671,0.727208
0.672,0.728173
0.673,0.729144
0.674,0.730112
0.675,0.731079
0.676,0.732044
0.677,0.733012
0.678,0.733981
0.679,0.734946
0.68,0.735913
0.681,0.73688
0.682,0.737843
0.683,0.738807
0.684,0.739771
0.685,0.740732
0.686,0.741695
0.687,0.742656
0.688,0.743619
0.689,0.74458
0.69,0.745542
0.691,0.746498
0.692,0.747457
0.693,0.748413
0.694,0.749368
0.695,0.750327
0.696,0.751284
0.697,0.752238
0.698,0.753192
0.699,0.754149
0.7,0.755101
0.701,0.756055
0.702,0.757011
0.703,0.757965
0.704,0.758919
0.705,0.759871
0.706,0.760823
0.707,0.761774
0.708,0.762723
0.709,0.763677
0.71,0.764626
0.711,0.765575
0.712,0.766525
0.713,0.767474
0.714,0.768419
0.715,0.769367
0.716,0.770315
0.717,0.771259
0.718,0.772205
0.719,0.773151
0.72,0.774097
0.721,0.775042
0.722,0.775985
0.723,0.776928
0.724,0.777868
0.725,0.778809
0.726,0.779751
0.727,0.780692
0.728,0.78163
0.729,0.782571
0.73,0.783508
0.731,0.784446
0.732,0.785385
0.733,0.786321
0.734,0.787259
0.735,0.788198
0.736,0.789133
0.737,0.79007
0.738,0.791007
0.739,0.791943
0.74,0.792878
0.741,0.793813
0.742,0.794748
0.743,0.79568
0.744,0.796612
0.745,0.797542
0.746,0.798472
0.747,0.799401
0.748,0.80033
0.749,0.801259
0.75,0.802186
0.751,0.803117
0.752,0.804044
0.753,0.804971
0.754,0.805899
0.755,0.806827
0.756,0.807756
0.757,0.808681
0.758,0.809609
0.759,0.810535
0.76,0.811459
0.761,0.812385
0.762,0.813305
0.763,0.814228
0.764,0.81515
0.765,0.816071
0.766,0.816995
0.767,0.817914
0.768,0.818834
0.769,0.819756
0.77,0.820677
0.771,0.821597
0.772,0.822513
0.773,0.82343
0.774,0.824344
0.775,0.825264
0.776,0.826181
0.777,0.827096
0.778,0.828012
0.779,0.828929
0.78,0.829844
0.781,0.830756
0.782,0.831669
0.783,0.832581
0.784,0.833495
0.785,0.834406
0.786,0.835314
0.787,0.836224
0.788,0.837134
0.789,0.838045
0.79,0.838954
0.791,0.839863
0.792,0.840771
0.793,0.841676
0.794,0.842581
0.795,0.84349
0.796,0.844396
0.797,0.845302
0.798,0.846206
0.799,0.847111
0.8,0.848015
0.801,0.848918
0.802,0.849823
0.803,0.850727
0.804,0.851632
0.805,0.852536
0.806,0.853437
0.807,0.854337
0.808,0.85524
0.809,0.856141
0.81,0.857039
0.811,0.857942
0.812,0.858841
0.813,0.859737
0.814,0.860635
0.815,0.861535
0.816,0.862435
0.817,0.863329
0.818,0.864225
0.819,0.865121
0.82,0.866018
0.821,0.86691
0.822,0.867803
0.823,0.868696
0.824,0.869587
0.825,0.870479
0.826,0.871375
0.827,0.87227
0.828,0.873159
0.829,0.874052
0.83,0.874941
0.831,0.875833
0.832,0.876721
0.833,0.87761
0.834,0.878501
0.835,0.879387
0.836,0.880274
0.837,0.881161
0.838,0.882044
0.839,0.88293
0.84,0.883818
0.841,0.884704
0.842,0.885588
0.843,0.886473
0.844,0.887359
0.845,0.888244
0.846,0.889128
0.847,0.890013
0.848,0.890893
0.849,0.891777
0.85,0.892659
0.851,0.893539
0.852,0.894419
0.853,0.895298
0.854,0.896178
0.855,0.897057
0.856,0.897934
0.857,0.898813
0.858,0.89969
0.859,0.900567
0.86,0.901445
0.861,0.902321
0.862,0.903197
0.863,0.904074
0.864,0.90495
0.865,0.905824
0.866,0.906697
0.867,0.907572
0.868,0.908445
0.869,0.909316
0.87,0.910191
0.871,0.91106
0.872,0.911933
0.873,0.912801
0.874,0.913672
0.875,0.914542
0.876,0.915413
0.877,0.916283
0.878,0.917151
0.879,0.918018
0.88,0.918887
0.881,0.919756
0.882,0.920624
0.883,0.921493
0.884,0.922359
0.885,0.923224
0.886,0.924092
0.887,0.924956
0.888,0.92582
0.889,0.926685
0.89,0.927548
0.891,0.928413
0.892,0.929277
0.893,0.930138
0.894,0.931002
0.895,0.931862
0.896,0.932724
0.897,0.933586
0.898,0.934445
0.899,0.935306
0.9,0.936163
0.901,0.937022
0.902,0.937879
0.903,0.938736
0.904,0.939594
0.905,0.940449
0.906,0.941305
0.907,0.942159
0.908,0.943015
0.909,0.943874
0.91,0.944733
0.911,0.945589
0.912,0.946446
0.913,0.947299
0.914,0.948152
0.915,0.949007
0.916,0.949861
0.917,0.950712
0.918,0.951565
0.919,0.952415
0.92,0.953265
0.921,0.954115
0.922,0.954965
0.923,0.955815
0.924,0.956663
0.925,0.957513
0.926,0.95836
0.927,0.959206
0.928,0.960055
0.929,0.960899
0.93,0.961748
0.931,0.962593
0.932,0.963441
0.933,0.964288
0.934,0.965133
0.935,0.965976
0.936,0.966822
0.937,0.967667
0.938,0.96851
0.939,0.969352
0.94,0.970193
0.941,0.971038
0.942,0.97188
0.943,0.972724
0.944,0.973569
0.945,0.974408
0.946,0.975249
0.947,0.976088
0.948,0.976927
0.949,0.977765
0.95,0.978606
0.951,0.979445
0.952,0.980282
0.953,0.981121
0.954,0.98196
0.955,0.982794
0.956,0.983631
0.957,0.984467
0.958,0.985303
0.959,0.986137
0.96,0.98697
0.961,0.987804
0.962,0.988637
0.963,0.989469
0.964,0.990303
0.965,0.991133
0.966,0.991966
0.967,0.992795
0.968,0.993626
0.969,0.994456
0.97,0.995287
0.971,0.99612
0.972,0.996952
0.973,0.997781
0.974,0.998611
0.975,0.999439
0.976,1.00026
0.977,1.00109
0.978,1.00192
0.979,1.00274
0.98,1.00357
0.981,1.0044
0.982,1.00522
0.983,1.00604
0.984,1.00687
0.985,1.00769
0.986,1.00852
0.987,1.00934
0.988,1.01016
0.989,1.01098
0.99,1.01181
0.991,1.01263
0.992,1.01345
0.993,1.01427
0.994,1.01509
0.995,1.01591
0.996,1.01673
0.997,1.01755
0.998,1.01836
0.999,1.01918
1,1.02
4.66916e-310,25.8655