0,0
0.01,0.000495868
0.02,0.0179322
0.03,0.0212612
0.04,0.0250788
0.05,0.0283962
0.06,0.0313796
0.07,0.0356557
0.08,0.0402153
0.09,0.0458217
0.1,0.0499012
0.11,0.0532978
0.12,0.058886
0.13,0.0648486
0.14,0.0709467
0.15,0.0754838
0.16,0.0842655
0.17,0.0909992
0.18,0.0988252
0.19,0.109811
0.2,0.116281
0.21,0.123234
0.22,0.129927
0.23,0.139398
0.24,0.149989
0.25,0.1585
0.26,0.165819
0.27,0.177818
0.28,0.188072
0.29,0.199083
0.3,0.209141
0.31,0.217155
0.32,0.227783
0.33,0.241044
0.34,0.254347
0.35,0.265427
0.36,0.277448
0.37,0.291369
0.38,0.302979
0.39,0.31437
0.4,0.327142
0.41,0.340141
0.42,0.351024
0.43,0.36443
0.44,0.376496
0.45,0.386896
0.46,0.393617
0.47,0.408203
0.48,0.420457
0.49,0.429543
0.5,0.443332
0.51,0.460191
0.52,0.476515
0.53,0.487334
0.54,0.507441
0.55,0.519717
0.56,0.533452
0.57,0.548531
0.58,0.560908
0.59,0.572746
0.6,0.584216
0.61,0.597732
0.62,0.608557
0.63,0.617237
0.64,0.625923
0.65,0.640614
0.66,0.650131
0.67,0.663115
0.68,0.672709
0.69,0.6858
0.7,0.695935
0.71,0.705384
0.72,0.717179
0.73,0.72639
0.74,0.737403
0.75,0.747013
0.76,0.759266
0.77,0.771352
0.78,0.780808
0.79,0.790835
0.8,0.802136
0.81,0.813286
0.82,0.826688
0.83,0.836651
0.84,0.847489
0.85,0.854866
0.86,0.866654
0.87,0.87684
0.88,0.887224
0.89,0.897931
0.9,0.907386
0.91,0.916313
0.92,0.925179
0.93,0.935549
0.94,0.942992
0.95,0.952523
0.96,0.962227
0.97,0.97337
0.98,0.985097
0.99,0.994361
1,1