0,0.02
0.0010058,0.0200752
0.00200392,0.0201504
0.00300203,0.0202262
0.00400015,0.020303
0.00500595,0.0203813
0.00600407,0.0204603
0.00700219,0.0205385
0.00800031,0.0206187
0.0090061,0.0206988
0.0100042,0.0207798
0.0110023,0.0208631
0.0120005,0.0209443
0.0130063,0.0210283
0.0140044,0.0211151
0.0150025,0.021201
0.0160006,0.0212881
0.0170064,0.021377
0.0180045,0.0214681
0.0190026,0.0215566
0.0200008,0.0216467
0.0210066,0.0217387
0.0220047,0.021829
0.0230028,0.021924
0.0240009,0.0220152
0.0250067,0.0221102
0.0260048,0.0222066
0.027003,0.022302
0.0280011,0.0224009
0.0290069,0.0225007
0.030005,0.0226008
0.0310031,0.0226969
0.0320012,0.0227982
0.033007,0.0229009
0.0340051,0.0229999
0.0350033,0.0231018
0.0360014,0.0232112
0.0370072,0.023314
0.0380053,0.0234198
0.0390034,0.0235255
0.0400015,0.0236332
0.0410073,0.0237371
0.0420055,0.0238453
0.0430036,0.0239534
0.0440017,0.0240613
0.0450075,0.0241709
0.0460056,0.0242793
0.0470037,0.0243891
0.0480018,0.024502
0.0490076,0.0246142
0.0500058,0.0247284
0.0510039,0.0248396
0.052002,0.0249514
0.0530001,0.0250649
0.0540059,0.0251812
0.055004,0.0252944
0.0560021,0.02541
0.0570003,0.0255257
0.0580061,0.0256414
0.0590042,0.025757
0.0600023,0.0258781
0.0610004,0.0259922
0.0620062,0.0261142
0.0630043,0.0262342
0.0640025,0.0263577
0.0650006,0.026479
0.0660064,0.0265996
0.0670045,0.0267244
0.0680026,0.0268488
0.0690007,0.0269722
0.0700065,0.0270959
0.0710046,0.0272188
0.0720028,0.0273433
0.0730009,0.0274692
0.0740067,0.0275963
0.0750048,0.0277219
0.0760029,0.0278494
0.077001,0.027981
0.0780068,0.0281089
0.079005,0.0282391
0.0800031,0.0283674
0.0810012,0.0284952
0.082007,0.0286249
0.0830051,0.0287563
0.0840032,0.0288874
0.0850013,0.0290203
0.0860071,0.0291524
0.0870053,0.0292845
0.0880034,0.0294186
0.0890015,0.0295556
0.0900073,0.0296918
0.0910054,0.0298276
0.0920035,0.0299594
0.0930017,0.0300964
0.0940074,0.030232
0.0950056,0.030371
0.0960037,0.0305074
0.0970018,0.0306439
0.0980076,0.030781
0.0990057,0.0309209
0.100004,0.0310574
0.101002,0.0312
0.102,0.0313389
0.103006,0.0314807
0.104004,0.0316209
0.105002,0.0317621
0.106,0.031902
0.107006,0.0320432
0.108004,0.0321867
0.109002,0.0323327
0.11,0.0324752
0.111006,0.0326206
0.112004,0.0327661
0.113002,0.0329112
0.114001,0.0330521
0.115006,0.0331984
0.116004,0.0333479
0.117003,0.0334949
0.118001,0.0336446
0.119006,0.03379
0.120005,0.0339387
0.121003,0.0340864
0.122001,0.0342349
0.123007,0.0343847
0.124005,0.0345358
0.125003,0.0346809
0.126001,0.0348332
0.127007,0.0349827
0.128005,0.035135
0.129003,0.0352819
0.130001,0.0354368
0.131007,0.0355918
0.132005,0.0357451
0.133003,0.0358988
0.134001,0.0360521
0.135007,0.0362049
0.136005,0.0363585
0.137003,0.0365124
0.138001,0.0366697
0.139007,0.036824
0.140005,0.0369824
0.141003,0.0371374
0.142002,0.0372961
0.143007,0.0374505
0.144006,0.0376087
0.145004,0.037766
0.146002,0.0379236
0.147008,0.0380871
0.148006,0.038249
0.149004,0.0384113
0.150002,0.0385758
0.151,0.0387349
0.152006,0.0388963
0.153004,0.0390591
0.154002,0.0392235
0.155,0.0393881
0.156006,0.0395527
0.157004,0.0397204
0.158002,0.0398882
0.159,0.0400528
0.160006,0.0402189
0.161004,0.0403868
0.162002,0.0405553
0.163,0.0407216
0.164006,0.0408904
0.165004,0.0410582
0.166003,0.041226
0.167001,0.041393
0.168006,0.0415607
0.169005,0.041731
0.170003,0.0419022
0.171001,0.0420718
0.172007,0.0422434
0.173005,0.0424168
0.174003,0.0425851
0.175001,0.0427571
0.176007,0.0429292
0.177005,0.0431033
0.178003,0.0432777
0.179001,0.0434511
0.180007,0.0436254
0.181005,0.0437989
0.182003,0.0439757
0.183001,0.0441506
0.184007,0.0443244
0.185005,0.0444997
0.186003,0.0446772
0.187001,0.0448545
0.188007,0.0450298
0.189005,0.0452095
0.190003,0.045389
0.191002,0.0455709
0.192007,0.0457489
0.193005,0.0459309
0.194004,0.0461116
0.195002,0.0462929
0.196008,0.0464765
0.197006,0.0466593
0.198004,0.0468444
0.199002,0.0470254
0.2,0.0472089
0.201006,0.0473954
0.202004,0.0475797
0.203002,0.047766
0.204,0.0479507
0.205006,0.0481395
0.206004,0.0483238
0.207002,0.0485134
0.208,0.0486968
0.209006,0.0488848
0.210004,0.0490742
0.211002,0.0492614
0.212,0.0494507
0.213006,0.0496388
0.214004,0.0498289
0.215002,0.0500179
0.216001,0.0502087
0.217006,0.0503986
0.218005,0.0505887
0.219003,0.0507822
0.220001,0.050972
0.221007,0.0511619
0.222005,0.051353
0.223003,0.0515472
0.224001,0.0517396
0.225007,0.0519329
0.226005,0.052129
0.227003,0.0523249
0.228001,0.0525234
0.229007,0.0527212
0.230005,0.052917
0.231003,0.0531142
0.232001,0.053311
0.233007,0.053504
0.234005,0.053703
0.235003,0.0539035
0.236001,0.0541073
0.237007,0.0543079
0.238005,0.0545102
0.239003,0.0547051
0.240002,0.0549063
0.241007,0.0551075
0.242005,0.0553084
0.243004,0.0555115
0.244002,0.0557147
0.245007,0.0559177
0.246006,0.0561171
0.247004,0.0563234
0.248002,0.056527
0.249008,0.0567317
0.250006,0.0569402
0.251004,0.0571486
0.252002,0.0573591
0.253,0.0575675
0.254006,0.0577752
0.255004,0.0579825
0.256002,0.0581911
0.257,0.0584001
0.258006,0.0586059
0.259004,0.0588182
0.260002,0.0590305
0.261,0.0592427
0.262006,0.0594562
0.263004,0.0596684
0.264002,0.0598799
0.265001,0.0600926
0.266006,0.0603089
0.267004,0.0605207
0.268003,0.0607406
0.269001,0.0609541
0.270007,0.0611711
0.271005,0.0613883
0.272003,0.061609
0.273001,0.0618271
0.274007,0.0620475
0.275005,0.0622652
0.276003,0.0624834
0.277001,0.0627049
0.278007,0.0629251
0.279005,0.0631461
0.280003,0.0633674
0.281001,0.0635928
0.282007,0.0638157
0.283005,0.0640421
0.284003,0.0642651
0.285001,0.064489
0.286007,0.0647159
0.287005,0.064943
0.288003,0.0651686
0.289001,0.0653972
0.290007,0.0656242
0.291005,0.0658534
0.292004,0.066081
0.293002,0.0663118
0.294007,0.0665454
0.295006,0.0667774
0.296004,0.0670091
0.297002,0.0672394
0.298008,0.0674711
0.299006,0.0677033
0.300004,0.067935
0.301002,0.0681681
0.302,0.0684022
0.303006,0.0686339
0.304004,0.0688727
0.305002,0.0691097
0.306,0.0693458
0.307006,0.0695857
0.308004,0.0698223
0.309002,0.0700611
0.31,0.0702967
0.311006,0.0705343
0.312004,0.070774
0.313002,0.0710145
0.314001,0.0712566
0.315006,0.0714975
0.316004,0.0717421
0.317003,0.0719867
0.318001,0.072231
0.319006,0.0724733
0.320005,0.0727173
0.321003,0.0729644
0.322001,0.0732065
0.323007,0.073453
0.324005,0.0737011
0.325003,0.0739501
0.326001,0.0741957
0.327007,0.074444
0.328005,0.074693
0.329003,0.074942
0.330001,0.0751919
0.331007,0.0754419
0.332005,0.0756976
0.333003,0.0759509
0.334001,0.0762051
0.335007,0.076459
0.336005,0.0767139
0.337003,0.0769707
0.338001,0.0772236
0.339007,0.0774833
0.340005,0.0777436
0.341003,0.0780018
0.342002,0.0782602
0.343007,0.0785162
0.344006,0.0787759
0.345004,0.0790328
0.346002,0.0792919
0.347008,0.0795539
0.348006,0.0798161
0.349004,0.0800784
0.350002,0.0803425
0.351,0.0806116
0.352006,0.0808756
0.353004,0.0811439
0.354002,0.0814107
0.355,0.0816785
0.356006,0.0819462
0.357004,0.0822153
0.358002,0.0824856
0.359,0.0827558
0.360006,0.0830272
0.361004,0.0832994
0.362002,0.0835713
0.363,0.0838466
0.364006,0.0841185
0.365004,0.0843938
0.366003,0.0846687
0.367001,0.0849464
0.368006,0.0852244
0.369005,0.0855057
0.370003,0.0857842
0.371001,0.0860647
0.372007,0.0863485
0.373005,0.086628
0.374003,0.0869101
0.375001,0.0871908
0.376007,0.0874781
0.377005,0.087762
0.378003,0.0880451
0.379001,0.0883288
0.380007,0.0886157
0.381005,0.0889024
0.382003,0.0891935
0.383001,0.0894835
0.384007,0.0897714
0.385005,0.0900599
0.386003,0.0903514
0.387001,0.0906455
0.388007,0.0909384
0.389005,0.0912314
0.390003,0.0915269
0.391002,0.0918209
0.392007,0.0921178
0.393005,0.0924113
0.394004,0.0927076
0.395002,0.0930045
0.396008,0.0933067
0.397006,0.0936049
0.398004,0.0939096
0.399002,0.0942042
0.400008,0.0945065
0.401006,0.0948064
0.402004,0.0951102
0.403002,0.0954122
0.404,0.0957113
0.405006,0.0960124
0.406004,0.096317
0.407002,0.0966262
0.408,0.0969325
0.409006,0.097244
0.410004,0.0975534
0.411002,0.0978672
0.412,0.0981749
0.413006,0.0984849
0.414004,0.0987983
0.415002,0.0991031
0.416001,0.099418
0.417006,0.0997334
0.418005,0.100052
0.419003,0.100371
0.420001,0.100691
0.421007,0.101018
0.422005,0.101336
0.423003,0.101659
0.424001,0.10198
0.425007,0.102312
0.426005,0.102634
0.427003,0.102959
0.428001,0.103284
0.429007,0.103609
0.430005,0.103938
0.431003,0.104265
0.432001,0.104596
0.433007,0.104927
0.434005,0.105254
0.435003,0.105582
0.436001,0.10591
0.437007,0.106242
0.438005,0.106576
0.439003,0.10691
0.440002,0.107242
0.441007,0.107578
0.442005,0.107916
0.443004,0.108256
0.444002,0.108596
0.445007,0.10894
0.446006,0.109289
0.447004,0.10963
0.448002,0.10997
0.449008,0.110318
0.450006,0.110664
0.451004,0.111012
0.452002,0.111362
0.453,0.111715
0.454006,0.112065
0.455004,0.112419
0.456002,0.112778
0.457,0.113136
0.458006,0.113494
0.459004,0.113847
0.460002,0.114204
0.461,0.114562
0.462006,0.114924
0.463004,0.115278
0.464002,0.115635
0.465001,0.115994
0.466006,0.116362
0.467004,0.116721
0.468003,0.117087
0.469001,0.117451
0.470007,0.11782
0.471005,0.118184
0.472003,0.118557
0.473001,0.118929
0.474007,0.119296
0.475005,0.119669
0.476003,0.120035
0.477001,0.120409
0.478007,0.120789
0.479005,0.121168
0.480003,0.121551
0.481001,0.121929
0.482007,0.122311
0.483005,0.12269
0.484003,0.123075
0.485001,0.123451
0.486007,0.123838
0.487005,0.12422
0.488003,0.124605
0.489001,0.124996
0.490007,0.125389
0.491005,0.12578
0.492004,0.12617
0.493002,0.126559
0.494007,0.126958
0.495006,0.127347
0.496004,0.127739
0.497002,0.128134
0.498008,0.128537
0.499006,0.12894
0.500004,0.129342
0.501002,0.129744
0.502,0.130151
0.503006,0.130556
0.504004,0.13097
0.505002,0.131375
0.506,0.131778
0.507006,0.132184
0.508004,0.132591
0.509002,0.133005
0.51,0.133418
0.511006,0.133836
0.512004,0.134253
0.513002,0.134672
0.514001,0.135091
0.515006,0.135517
0.516004,0.135937
0.517003,0.136362
0.518001,0.136788
0.519006,0.137214
0.520005,0.137643
0.521003,0.138078
0.522001,0.138514
0.523007,0.138941
0.524005,0.139378
0.525003,0.139814
0.526001,0.140254
0.527007,0.140688
0.528005,0.14113
0.529003,0.141574
0.530001,0.142016
0.531007,0.14246
0.532005,0.142899
0.533003,0.143346
0.534001,0.143796
0.535007,0.144244
0.536005,0.144692
0.537003,0.145134
0.538001,0.145591
0.539007,0.146048
0.540005,0.146504
0.541003,0.14696
0.542002,0.147423
0.543007,0.147874
0.544006,0.148332
0.545004,0.148798
0.546002,0.149264
0.547008,0.149733
0.548006,0.150198
0.549004,0.150667
0.550002,0.151136
0.551,0.151607
0.552006,0.152084
0.553004,0.152564
0.554002,0.153043
0.555,0.153519
0.556006,0.154003
0.557004,0.154487
0.558002,0.15497
0.559,0.155456
0.560006,0.155948
0.561004,0.156431
0.562002,0.156925
0.563,0.157419
0.564006,0.157912
0.565004,0.158408
0.566003,0.158899
0.567001,0.159398
0.568006,0.159893
0.569005,0.160396
0.570003,0.160899
0.571001,0.161401
0.572007,0.16192
0.573005,0.162426
0.574003,0.162935
0.575001,0.163451
0.576007,0.163973
0.577005,0.164498
0.578003,0.165015
0.579001,0.165531
0.580007,0.166051
0.581005,0.166569
0.582003,0.167089
0.583001,0.167609
0.584007,0.168142
0.585005,0.168663
0.586003,0.169201
0.587001,0.169743
0.588007,0.170281
0.589005,0.170826
0.590003,0.171372
0.591002,0.171918
0.592007,0.172449
0.593005,0.172998
0.594004,0.173553
0.595002,0.174112
0.596008,0.174662
0.597006,0.175213
0.598004,0.175777
0.599002,0.176337
0.6,0.176892
0.601006,0.177449
0.602004,0.178019
0.603002,0.178579
0.604,0.179153
0.605006,0.179717
0.606004,0.180288
0.607002,0.18087
0.608,0.181446
0.609006,0.18203
0.610004,0.182616
0.611002,0.183204
0.612,0.183789
0.613006,0.184388
0.614004,0.184974
0.615002,0.185571
0.616001,0.186154
0.617006,0.186747
0.618005,0.187347
0.619003,0.187943
0.620001,0.188549
0.621007,0.189152
0.622005,0.189749
0.623003,0.19037
0.624001,0.190979
0.625007,0.191598
0.626005,0.192214
0.627003,0.192846
0.628001,0.193465
0.629007,0.194085
0.630005,0.194715
0.631003,0.195352
0.632001,0.196005
0.633007,0.196645
0.634005,0.197293
0.635003,0.19793
0.636001,0.198571
0.637007,0.199218
0.638005,0.19988
0.639003,0.20054
0.640002,0.201187
0.641007,0.201838
0.642005,0.202495
0.643004,0.203153
0.644002,0.203817
0.645007,0.204481
0.646006,0.205157
0.647004,0.205817
0.648002,0.206494
0.649008,0.207169
0.650006,0.20786
0.651004,0.208544
0.652002,0.209224
0.653,0.209913
0.654006,0.210601
0.655004,0.211304
0.656002,0.212005
0.657,0.212706
0.658006,0.213407
0.659004,0.214107
0.660002,0.214812
0.661,0.215522
0.662006,0.216225
0.663004,0.216948
0.664002,0.217668
0.665001,0.218379
0.666006,0.219101
0.667004,0.219845
0.668003,0.220572
0.669001,0.221308
0.670007,0.222034
0.671005,0.222758
0.672003,0.223498
0.673001,0.224251
0.674007,0.225001
0.675005,0.225757
0.676003,0.226506
0.677001,0.227271
0.678007,0.228038
0.679005,0.228816
0.680003,0.229593
0.681001,0.230358
0.682007,0.231141
0.683005,0.231919
0.684003,0.232706
0.685001,0.233495
0.686007,0.23428
0.687005,0.235077
0.688003,0.235869
0.689001,0.236662
0.690007,0.237462
0.691005,0.238258
0.692004,0.239072
0.693002,0.239887
0.694007,0.240692
0.695006,0.24151
0.696004,0.242336
0.697002,0.243159
0.698008,0.243992
0.699006,0.244826
0.700004,0.245661
0.701002,0.246504
0.702,0.247348
0.703006,0.248216
0.704004,0.249083
0.705002,0.249955
0.706,0.250809
0.707006,0.251675
0.708004,0.252543
0.709002,0.253415
0.71,0.254291
0.711006,0.255175
0.712004,0.256062
0.713002,0.256959
0.714001,0.257861
0.715006,0.258763
0.716004,0.259665
0.717003,0.260586
0.718001,0.261501
0.719006,0.262421
0.720005,0.263346
0.721003,0.264261
0.722001,0.265212
0.723007,0.266143
0.724005,0.267092
0.725003,0.268042
0.726001,0.269
0.727007,0.269977
0.728005,0.270923
0.729003,0.271871
0.730001,0.272835
0.731007,0.273799
0.732005,0.274783
0.733003,0.275779
0.734001,0.276781
0.735007,0.277764
0.736005,0.278742
0.737003,0.27974
0.738001,0.280743
0.739007,0.281755
0.740005,0.282769
0.741003,0.283779
0.742002,0.284794
0.743007,0.285834
0.744006,0.286868
0.745004,0.287894
0.746002,0.288923
0.747008,0.289979
0.748006,0.29104
0.749004,0.292109
0.750002,0.293173
0.751,0.294236
0.752006,0.295322
0.753004,0.296421
0.754002,0.297505
0.755,0.298587
0.756006,0.29967
0.757004,0.300759
0.758002,0.301856
0.759,0.302987
0.760006,0.304115
0.761004,0.305222
0.762002,0.306347
0.763,0.30748
0.764006,0.308639
0.765004,0.309793
0.766003,0.310951
0.767001,0.312128
0.768006,0.313302
0.769005,0.314453
0.770003,0.315626
0.771001,0.31682
0.772007,0.318018
0.773005,0.3192
0.774003,0.320391
0.775001,0.32157
0.776007,0.32277
0.777005,0.323998
0.778003,0.32524
0.779001,0.326476
0.780007,0.327719
0.781005,0.328957
0.782003,0.330214
0.783001,0.331478
0.784007,0.332761
0.785005,0.334039
0.786003,0.335336
0.787001,0.336638
0.788007,0.33793
0.789005,0.33921
0.790003,0.340548
0.791002,0.341861
0.792007,0.343185
0.793005,0.344523
0.794004,0.345886
0.795002,0.347236
0.796008,0.348592
0.797006,0.349951
0.798004,0.351327
0.799002,0.352723
0.8,0.354115
0.801006,0.35553
0.802004,0.35694
0.803002,0.358353
0.804,0.359798
0.805006,0.361217
0.806004,0.362682
0.807002,0.364104
0.808,0.365529
0.809006,0.36701
0.810004,0.368471
0.811002,0.369995
0.812,0.371472
0.813006,0.37296
0.814004,0.374495
0.815002,0.376015
0.816001,0.377516
0.817006,0.379071
0.818005,0.380635
0.819003,0.382177
0.820001,0.383726
0.821007,0.385317
0.822005,0.386889
0.823003,0.388486
0.824001,0.390098
0.825007,0.391689
0.826005,0.393324
0.827003,0.394945
0.828001,0.396624
0.829007,0.3983
0.830005,0.399993
0.831003,0.40172
0.832001,0.403409
0.833007,0.405102
0.834005,0.406794
0.835003,0.408521
0.836001,0.410237
0.837007,0.412014
0.838005,0.413791
0.839003,0.415583
0.840002,0.417389
0.841007,0.419172
0.842005,0.420991
0.843004,0.422777
0.844002,0.424617
0.845007,0.426509
0.846006,0.428357
0.847004,0.430205
0.848002,0.432076
0.849008,0.433956
0.850006,0.435851
0.851004,0.437694
0.852002,0.43962
0.853,0.441557
0.854006,0.443547
0.855004,0.445546
0.856002,0.447556
0.857,0.449575
0.858006,0.451565
0.859004,0.45361
0.860002,0.455673
0.861,0.457707
0.862006,0.459756
0.863004,0.461855
0.864002,0.463981
0.865001,0.466115
0.866006,0.468192
0.867004,0.470319
0.868003,0.472508
0.869001,0.474711
0.870007,0.476884
0.871005,0.479084
0.872003,0.481383
0.873001,0.483665
0.874007,0.485946
0.875005,0.488185
0.876003,0.490437
0.877001,0.492725
0.878007,0.495089
0.879005,0.497391
0.880003,0.499758
0.881001,0.502177
0.882007,0.504599
0.883005,0.507052
0.884003,0.509506
0.885001,0.511956
0.886007,0.514387
0.887005,0.516928
0.888003,0.519431
0.889001,0.521983
0.890007,0.524491
0.891005,0.527111
0.892004,0.529746
0.893002,0.532294
0.894007,0.534923
0.895006,0.537559
0.896004,0.540235
0.897002,0.54287
0.898008,0.545634
0.899006,0.548359
0.900004,0.551086
0.901002,0.553848
0.902,0.556684
0.903006,0.559534
0.904004,0.562414
0.905002,0.565309
0.906,0.568211
0.907006,0.571197
0.908004,0.574072
0.909002,0.577001
0.91,0.579972
0.911006,0.583033
0.912004,0.586057
0.913002,0.589106
0.914001,0.592234
0.915006,0.59538
0.916004,0.598549
0.917003,0.601781
0.918001,0.605007
0.919006,0.608244
0.920005,0.61153
0.921003,0.614837
0.922001,0.618171
0.923007,0.62151
0.924005,0.624986
0.925003,0.628389
0.926001,0.631794
0.927007,0.635282
0.928005,0.638775
0.929003,0.642306
0.930001,0.64594
0.931007,0.649574
0.932005,0.653205
0.933003,0.65686
0.934001,0.660506
0.935007,0.664276
0.936005,0.668038
0.937003,0.671771
0.938001,0.67556
0.939007,0.679517
0.940005,0.68355
0.941003,0.687465
0.942002,0.691548
0.943007,0.695647
0.944006,0.699729
0.945004,0.703889
0.946002,0.707943
0.947008,0.712197
0.948006,0.716472
0.949004,0.720774
0.950002,0.725216
0.951,0.729647
0.952006,0.734072
0.953004,0.738563
0.954002,0.742995
0.955,0.747528
0.956006,0.752236
0.957004,0.756958
0.958002,0.761696
0.959,0.766477
0.960006,0.771291
0.961004,0.776145
0.962002,0.781055
0.963,0.786161
0.964006,0.791232
0.965004,0.796221
0.966003,0.801368
0.967001,0.806616
0.968006,0.811762
0.969005,0.817061
0.970003,0.822377
0.971001,0.827918
0.972007,0.833523
0.973005,0.839119
0.974003,0.84473
0.975001,0.85042
0.976007,0.856172
0.977005,0.862015
0.978003,0.867923
0.979001,0.873923
0.980007,0.880055
0.981005,0.886256
0.982003,0.892591
0.983001,0.89892
0.984007,0.905313
0.985005,0.9118
0.986003,0.918447
0.987001,0.925186
0.988007,0.932019
0.989005,0.938747
0.990003,0.9458
0.991002,0.952853
0.992007,0.960023
0.993005,0.967137
0.994004,0.974346
0.995002,0.981745
0.996008,0.989175
0.997006,0.996782
0.998004,1.00443
0.999002,1.01222
0.999992,1.02