0,0.02
0.00100067,0.0200718
0.00200057,0.0201443
0.00300048,0.0202181
0.00400039,0.0202921
0.0050003,0.0203673
0.0060002,0.0204432
0.00700011,0.0205206
0.00800002,0.0205986
0.00900068,0.0206781
0.0100006,0.0207584
0.0110005,0.0208384
0.0120004,0.0209214
0.0130003,0.0210051
0.0140002,0.0210899
0.0150001,0.0211754
0.016,0.0212622
0.0170007,0.0213492
0.0180006,0.0214378
0.0190005,0.0215278
0.0200004,0.0216169
0.0210003,0.0217077
0.0220002,0.0217994
0.0230001,0.0218918
0.0240001,0.0219844
0.0250007,0.0220799
0.0260006,0.0221748
0.0270005,0.0222711
0.0280004,0.0223683
0.0290004,0.0224659
0.0300003,0.0225641
0.0310002,0.022663
0.0320001,0.0227639
0.0330007,0.0228649
0.0340006,0.0229652
0.0350006,0.0230664
0.0360005,0.0231694
0.0370004,0.0232715
0.0380003,0.0233752
0.0390002,0.0234802
0.0400001,0.0235849
0.0410008,0.0236906
0.0420007,0.0237972
0.0430006,0.0239036
0.0440005,0.0240121
0.0450004,0.0241206
0.0460003,0.0242304
0.0470002,0.0243406
0.0480001,0.0244524
0.049,0.0245627
0.0500007,0.0246741
0.0510006,0.0247865
0.0520005,0.0248986
0.0530004,0.025012
0.0540003,0.025126
0.0550002,0.0252407
0.0560001,0.0253561
0.057,0.025472
0.0580007,0.0255888
0.0590006,0.0257058
0.0600005,0.0258237
0.0610004,0.0259414
0.0620003,0.0260591
0.0630002,0.0261776
0.0640001,0.0262977
0.0650001,0.0264184
0.0660007,0.026539
0.0670006,0.0266612
0.0680005,0.0267829
0.0690004,0.0269053
0.0700003,0.0270282
0.0710003,0.0271526
0.0720002,0.0272762
0.0730001,0.0274011
0.0740007,0.0275263
0.0750006,0.0276521
0.0760006,0.0277784
0.0770005,0.0279048
0.0780004,0.0280319
0.0790003,0.0281591
0.0800002,0.0282865
0.0810001,0.0284144
0.0820008,0.0285436
0.0830007,0.0286737
0.0840006,0.0288029
0.0850005,0.0289339
0.0860004,0.0290649
0.0870003,0.0291965
0.0880002,0.0293287
0.0890001,0.0294625
0.09,0.0295961
0.0910007,0.0297305
0.0920006,0.0298653
0.0930005,0.0299997
0.0940004,0.0301339
0.0950003,0.0302692
0.0960002,0.0304051
0.0970001,0.0305412
0.098,0.0306783
0.0990007,0.0308154
0.100001,0.0309528
0.101001,0.0310905
0.102,0.031229
0.103,0.0313684
0.104,0.0315077
0.105,0.031648
0.106,0.0317884
0.107001,0.0319292
0.108001,0.0320705
0.109001,0.0322124
0.11,0.0323542
0.111,0.032497
0.112,0.0326407
0.113,0.032784
0.114,0.0329281
0.115001,0.0330721
0.116001,0.033218
0.117001,0.0333632
0.118,0.0335098
0.119,0.0336557
0.12,0.0338034
0.121,0.0339503
0.122,0.0340984
0.123001,0.0342461
0.124001,0.0343941
0.125001,0.0345426
0.126,0.0346917
0.127,0.034842
0.128,0.0349916
0.129,0.0351427
0.13,0.0352935
0.131,0.0354446
0.132001,0.0355959
0.133001,0.0357487
0.134,0.0359015
0.135,0.0360543
0.136,0.0362086
0.137,0.0363619
0.138,0.0365158
0.139,0.0366706
0.140001,0.0368265
0.141001,0.0369825
0.142001,0.0371388
0.143,0.0372947
0.144,0.0374516
0.145,0.0376087
0.146,0.0377668
0.147,0.037925
0.148001,0.0380837
0.149001,0.0382425
0.150001,0.0384015
0.151,0.0385605
0.152,0.0387205
0.153,0.0388826
0.154,0.0390429
0.155,0.0392048
0.156001,0.039367
0.157001,0.0395295
0.158001,0.0396927
0.159,0.0398563
0.16,0.0400207
0.161,0.0401844
0.162,0.0403483
0.163,0.0405128
0.164001,0.040678
0.165001,0.0408438
0.166001,0.0410103
0.167,0.0411768
0.168,0.0413427
0.169,0.0415115
0.17,0.0416788
0.171,0.0418482
0.172,0.0420162
0.173001,0.0421851
0.174001,0.0423544
0.175,0.0425239
0.176,0.0426935
0.177,0.0428648
0.178,0.0430358
0.179,0.0432081
0.18,0.0433803
0.181001,0.043553
0.182001,0.0437256
0.183001,0.0438988
0.184,0.0440724
0.185,0.0442467
0.186,0.0444208
0.187,0.0445952
0.188,0.0447712
0.189001,0.0449476
0.190001,0.0451244
0.191001,0.0453009
0.192,0.0454788
0.193,0.0456562
0.194,0.0458343
0.195,0.046013
0.196,0.0461916
0.197001,0.0463713
0.198001,0.0465508
0.199001,0.0467309
0.2,0.0469112
0.201,0.0470926
0.202,0.0472744
0.203,0.0474566
0.204,0.0476405
0.205001,0.0478244
0.206001,0.048008
0.207001,0.0481914
0.208,0.0483753
0.209,0.0485602
0.21,0.0487448
0.211,0.0489301
0.212,0.0491166
0.213,0.0493034
0.214001,0.0494901
0.215001,0.0496766
0.216,0.0498641
0.217,0.0500535
0.218,0.0502426
0.219,0.0504309
0.22,0.0506209
0.221,0.0508116
0.222001,0.0510015
0.223001,0.0511931
0.224001,0.0513848
0.225,0.0515768
0.226,0.0517693
0.227,0.0519616
0.228,0.0521551
0.229,0.0523491
0.230001,0.052543
0.231001,0.0527375
0.232001,0.052932
0.233,0.0531274
0.234,0.0533248
0.235,0.0535219
0.236,0.0537189
0.237,0.0539164
0.238001,0.0541153
0.239001,0.0543137
0.240001,0.0545136
0.241,0.0547132
0.242,0.0549127
0.243,0.0551133
0.244,0.0553142
0.245,0.0555156
0.246001,0.0557172
0.247001,0.0559203
0.248001,0.0561225
0.249,0.0563249
0.25,0.0565291
0.251,0.0567333
0.252,0.0569379
0.253,0.0571429
0.254,0.0573491
0.255001,0.0575548
0.256001,0.0577624
0.257,0.0579698
0.258,0.0581781
0.259,0.058386
0.26,0.0585952
0.261,0.0588048
0.262,0.059014
0.263001,0.0592237
0.264001,0.0594339
0.265001,0.059645
0.266,0.0598568
0.267,0.060069
0.268,0.0602815
0.269,0.0604944
0.27,0.0607072
0.271001,0.0609219
0.272001,0.0611373
0.273001,0.0613527
0.274,0.0615688
0.275,0.0617854
0.276,0.0620026
0.277,0.062221
0.278,0.0624386
0.279001,0.0626571
0.280001,0.0628772
0.281001,0.063097
0.282,0.0633168
0.283,0.0635374
0.284,0.0637586
0.285,0.0639798
0.286,0.0642011
0.287001,0.0644245
0.288001,0.064648
0.289001,0.0648694
0.29,0.0650942
0.291,0.0653194
0.292,0.0655444
0.293,0.0657702
0.294,0.065998
0.295,0.0662244
0.296001,0.0664532
0.297001,0.0666823
0.298,0.0669106
0.299,0.0671398
0.3,0.0673698
0.301,0.067601
0.302,0.0678325
0.303,0.0680638
0.304001,0.068296
0.305001,0.0685287
0.306001,0.0687615
0.307,0.0689964
0.308,0.0692294
0.309,0.0694651
0.31,0.0697002
0.311,0.0699364
0.312001,0.0701719
0.313001,0.0704087
0.314001,0.0706473
0.315,0.0708868
0.316,0.0711265
0.317,0.0713668
0.318,0.071607
0.319,0.0718471
0.320001,0.0720883
0.321001,0.0723295
0.322001,0.072572
0.323,0.0728143
0.324,0.073059
0.325,0.0733044
0.326,0.0735495
0.327,0.0737965
0.328001,0.0740422
0.329001,0.0742905
0.330001,0.074539
0.331,0.0747874
0.332,0.075035
0.333,0.0752839
0.334,0.0755346
0.335,0.0757853
0.336,0.0760358
0.337001,0.0762866
0.338001,0.07654
0.339,0.0767932
0.34,0.0770476
0.341,0.0773025
0.342,0.0775573
0.343,0.0778156
0.344,0.0780723
0.345001,0.0783284
0.346001,0.0785858
0.347001,0.0788448
0.348,0.0791028
0.349,0.0793619
0.35,0.0796226
0.351,0.0798837
0.352,0.0801453
0.353001,0.0804075
0.354001,0.0806714
0.355001,0.0809357
0.356,0.0811996
0.357,0.0814646
0.358,0.081731
0.359,0.0819989
0.36,0.0822663
0.361001,0.0825338
0.362001,0.0828009
0.363001,0.0830699
0.364,0.0833409
0.365,0.0836123
0.366,0.083882
0.367,0.084156
0.368,0.0844272
0.369001,0.084702
0.370001,0.0849754
0.371001,0.0852511
0.372,0.0855262
0.373,0.0858032
0.374,0.0860789
0.375,0.0863562
0.376,0.0866347
0.377,0.0869139
0.378001,0.087194
0.379001,0.0874747
0.38,0.0877567
0.381,0.0880377
0.382,0.0883212
0.383,0.0886046
0.384,0.0888899
0.385,0.0891737
0.386001,0.0894593
0.387001,0.0897461
0.388001,0.0900334
0.389,0.0903201
0.39,0.0906082
0.391,0.090898
0.392,0.0911885
0.393,0.0914789
0.394001,0.0917713
0.395001,0.0920629
0.396001,0.0923556
0.397,0.0926496
0.398,0.0929446
0.399,0.093239
0.4,0.0935358
0.401,0.0938322
0.402001,0.0941295
0.403001,0.0944295
0.404001,0.0947304
0.405,0.0950309
0.406,0.0953335
0.407,0.0956367
0.408,0.0959393
0.409,0.0962448
0.410001,0.0965487
0.411001,0.0968547
0.412001,0.0971612
0.413,0.0974687
0.414,0.0977767
0.415,0.0980861
0.416,0.0983966
0.417,0.0987076
0.418,0.0990189
0.419001,0.0993305
0.420001,0.0996427
0.421,0.0999565
0.422,0.100272
0.423,0.100588
0.424,0.100905
0.425,0.101223
0.426,0.101542
0.427001,0.101863
0.428001,0.102183
0.429001,0.102506
0.43,0.102829
0.431,0.103151
0.432,0.103477
0.433,0.103801
0.434,0.104128
0.435001,0.104455
0.436001,0.104782
0.437001,0.105111
0.438,0.105442
0.439,0.105772
0.44,0.106104
0.441,0.106436
0.442,0.106769
0.443001,0.107104
0.444001,0.107438
0.445001,0.107774
0.446,0.108111
0.447,0.108448
0.448,0.108786
0.449,0.109124
0.45,0.109464
0.451001,0.109806
0.452001,0.110147
0.453001,0.11049
0.454,0.110838
0.455,0.111182
0.456,0.111529
0.457,0.111878
0.458,0.112227
0.459,0.112575
0.460001,0.112925
0.461001,0.113278
0.462,0.113629
0.463,0.113984
0.464,0.114339
0.465,0.114696
0.466,0.115054
0.467,0.11541
0.468001,0.115769
0.469001,0.116131
0.470001,0.116492
0.471,0.116854
0.472,0.117219
0.473,0.117584
0.474,0.11795
0.475,0.118317
0.476001,0.118684
0.477001,0.119055
0.478001,0.119426
0.479,0.119795
0.48,0.120167
0.481,0.120539
0.482,0.120915
0.483,0.121291
0.484001,0.121667
0.485001,0.122043
0.486001,0.122422
0.487,0.122801
0.488,0.123182
0.489,0.123563
0.49,0.123947
0.491,0.124334
0.492001,0.12472
0.493001,0.125109
0.494001,0.125498
0.495,0.125889
0.496,0.126279
0.497,0.126672
0.498,0.127066
0.499,0.12746
0.500001,0.127856
0.501001,0.128254
0.502001,0.128652
0.503,0.129052
0.504,0.129452
0.505,0.129854
0.506,0.130258
0.507,0.13066
0.508,0.131064
0.509001,0.131471
0.510001,0.131878
0.511,0.132289
0.512,0.1327
0.513,0.133112
0.514,0.133526
0.515,0.133939
0.516,0.134354
0.517001,0.134771
0.518001,0.13519
0.519001,0.135608
0.52,0.136031
0.521,0.136453
0.522,0.136879
0.523,0.137303
0.524,0.137728
0.525001,0.138155
0.526001,0.138584
0.527001,0.139014
0.528,0.139449
0.529,0.139884
0.53,0.140317
0.531,0.140751
0.532,0.141188
0.533001,0.141627
0.534001,0.142066
0.535001,0.142511
0.536,0.142953
0.537,0.143398
0.538,0.143846
0.539,0.144293
0.54,0.144744
0.541001,0.145195
0.542001,0.145647
0.543001,0.1461
0.544,0.146555
0.545,0.147013
0.546,0.147474
0.547,0.147937
0.548,0.148398
0.549,0.148861
0.550001,0.149328
0.551001,0.149796
0.552,0.150262
0.553,0.150731
0.554,0.151205
0.555,0.151677
0.556,0.152153
0.557,0.152631
0.558001,0.153109
0.559001,0.153587
0.560001,0.15407
0.561,0.154552
0.562,0.155038
0.563,0.155525
0.564,0.156012
0.565,0.156502
0.566001,0.156993
0.567001,0.157489
0.568001,0.157983
0.569,0.158479
0.57,0.158977
0.571,0.159476
0.572,0.159976
0.573,0.160481
0.574001,0.160984
0.575001,0.16149
0.576001,0.161996
0.577,0.162503
0.578,0.163016
0.579,0.163531
0.58,0.164048
0.581,0.164564
0.582001,0.165084
0.583001,0.165605
0.584001,0.166125
0.585,0.166649
0.586,0.167174
0.587,0.167705
0.588,0.168234
0.589,0.168766
0.59,0.1693
0.591001,0.169836
0.592001,0.170376
0.593,0.170912
0.594,0.171452
0.595,0.171998
0.596,0.172541
0.597,0.173089
0.598,0.173638
0.599001,0.174192
0.600001,0.174747
0.601001,0.175304
0.602,0.175861
0.603,0.176424
0.604,0.176982
0.605,0.177548
0.606,0.178111
0.607001,0.178681
0.608001,0.179254
0.609001,0.179824
0.61,0.180397
0.611,0.180975
0.612,0.181554
0.613,0.182134
0.614,0.18272
0.615001,0.183305
0.616001,0.183892
0.617001,0.184484
0.618,0.185074
0.619,0.185668
0.62,0.186266
0.621,0.186865
0.622,0.187467
0.623001,0.188069
0.624001,0.188672
0.625001,0.189279
0.626,0.189886
0.627,0.190498
0.628,0.191112
0.629,0.191726
0.63,0.192348
0.631,0.192971
0.632001,0.193598
0.633001,0.194225
0.634,0.194855
0.635,0.195484
0.636,0.196117
0.637,0.196752
0.638,0.197393
0.639,0.198036
0.640001,0.19868
0.641001,0.199328
0.642001,0.199976
0.643,0.200631
0.644,0.201285
0.645,0.201945
0.646,0.202607
0.647,0.203265
0.648001,0.203932
0.649001,0.204598
0.650001,0.205267
0.651,0.20594
0.652,0.206614
0.653,0.207291
0.654,0.207971
0.655,0.208658
0.656001,0.209347
0.657001,0.210038
0.658001,0.21073
0.659,0.211425
0.66,0.212122
0.661,0.212823
0.662,0.21353
0.663,0.214236
0.664001,0.214952
0.665001,0.215663
0.666001,0.216381
0.667,0.217099
0.668,0.217821
0.669,0.21855
0.67,0.219277
0.671,0.220011
0.672,0.220744
0.673001,0.221484
0.674001,0.222226
0.675,0.222967
0.676,0.223711
0.677,0.224464
0.678,0.225216
0.679,0.225974
0.68,0.226735
0.681001,0.227499
0.682001,0.228262
0.683001,0.229029
0.684,0.229804
0.685,0.230577
0.686,0.231358
0.687,0.23214
0.688,0.232926
0.689001,0.233718
0.690001,0.23451
0.691001,0.235313
0.692,0.236115
0.693,0.236918
0.694,0.237723
0.695,0.238534
0.696,0.23935
0.697001,0.240171
0.698001,0.240992
0.699001,0.241823
0.7,0.242656
0.701,0.243491
0.702,0.244325
0.703,0.245166
0.704,0.246006
0.705001,0.246858
0.706001,0.247714
0.707001,0.248574
0.708,0.249436
0.709,0.250299
0.71,0.25117
0.711,0.252046
0.712,0.252926
0.713,0.25381
0.714001,0.254693
0.715001,0.255581
0.716,0.256479
0.717,0.257375
0.718,0.258273
0.719,0.259183
0.72,0.260089
0.721,0.261001
0.722001,0.261918
0.723001,0.262836
0.724001,0.263763
0.725,0.264695
0.726,0.265635
0.727,0.26658
0.728,0.267528
0.729,0.268476
0.730001,0.269437
0.731001,0.270398
0.732001,0.271366
0.733,0.272338
0.734,0.273317
0.735,0.274292
0.736,0.275281
0.737,0.27627
0.738001,0.277261
0.739001,0.278261
0.740001,0.279258
0.741,0.280266
0.742,0.281289
0.743,0.282301
0.744,0.28333
0.745,0.284354
0.746001,0.285388
0.747001,0.286427
0.748001,0.287474
0.749,0.288524
0.75,0.28958
0.751,0.290637
0.752,0.291703
0.753,0.292776
0.754,0.29385
0.755001,0.294929
0.756001,0.296017
0.757,0.29711
0.758,0.298217
0.759,0.299325
0.76,0.300437
0.761,0.301557
0.762,0.302678
0.763001,0.303804
0.764001,0.304942
0.765001,0.306081
0.766,0.307223
0.767,0.308375
0.768,0.30954
0.769,0.310707
0.77,0.311873
0.771001,0.313054
0.772001,0.314236
0.773001,0.315425
0.774,0.316622
0.775,0.317827
0.776,0.319034
0.777,0.32024
0.778,0.321463
0.779001,0.322697
0.780001,0.323934
0.781001,0.325174
0.782,0.326421
0.783,0.327674
0.784,0.328942
0.785,0.330212
0.786,0.331491
0.787001,0.332774
0.788001,0.334074
0.789001,0.335373
0.79,0.336685
0.791,0.337995
0.792,0.33932
0.793,0.340642
0.794,0.34198
0.795,0.343328
0.796001,0.34468
0.797001,0.346042
0.798,0.347415
0.799,0.348788
0.8,0.350178
0.801,0.351569
0.802,0.352962
0.803,0.354371
0.804001,0.355792
0.805001,0.357219
0.806001,0.35865
0.807,0.360103
0.808,0.361554
0.809,0.363008
0.81,0.364486
0.811,0.365969
0.812001,0.367461
0.813001,0.368954
0.814001,0.370457
0.815,0.371979
0.816,0.373493
0.817,0.375019
0.818,0.376569
0.819,0.378131
0.820001,0.379693
0.821001,0.381263
0.822001,0.382837
0.823,0.384422
0.824,0.38603
0.825,0.387642
0.826,0.389269
0.827,0.390903
0.828001,0.392539
0.829001,0.394187
0.830001,0.395853
0.831,0.397527
0.832,0.399201
0.833,0.400895
0.834,0.402597
0.835,0.404307
0.836,0.406039
0.837001,0.407773
0.838001,0.409525
0.839,0.411294
0.84,0.413067
0.841,0.41485
0.842,0.416652
0.843,0.418463
0.844,0.420284
0.845001,0.422114
0.846001,0.423967
0.847001,0.425835
0.848,0.427717
0.849,0.429604
0.85,0.431504
0.851,0.433417
0.852,0.435343
0.853001,0.437272
0.854001,0.43922
0.855001,0.441179
0.856,0.44316
0.857,0.445156
0.858,0.447154
0.859,0.449187
0.86,0.451227
0.861001,0.453268
0.862001,0.455328
0.863001,0.457407
0.864,0.459502
0.865,0.46161
0.866,0.46375
0.867,0.465878
0.868,0.468027
0.869001,0.470189
0.870001,0.472369
0.871001,0.474577
0.872,0.476803
0.873,0.479044
0.874,0.481313
0.875,0.483593
0.876,0.48588
0.877,0.488192
0.878001,0.490515
0.879001,0.492861
0.88,0.495218
0.881,0.497598
0.882,0.5
0.883,0.502415
0.884,0.504841
0.885,0.507293
0.886001,0.509753
0.887001,0.512249
0.888001,0.514757
0.889,0.5173
0.89,0.519832
0.891,0.522418
0.892,0.524998
0.893,0.527601
0.894001,0.53024
0.895001,0.532897
0.896001,0.535574
0.897,0.538281
0.898,0.540974
0.899,0.543714
0.9,0.546445
0.901,0.54924
0.902001,0.552035
0.903001,0.554879
0.904001,0.557731
0.905,0.560594
0.906,0.563523
0.907,0.566477
0.908,0.569449
0.909,0.572406
0.910001,0.57542
0.911001,0.578464
0.912001,0.581531
0.913,0.58462
0.914,0.587745
0.915,0.590873
0.916,0.59405
0.917,0.597237
0.918,0.600481
0.919001,0.603712
0.920001,0.606981
0.921,0.610297
0.922,0.613664
0.923,0.61703
0.924,0.620435
0.925,0.623854
0.926,0.627319
0.927001,0.630808
0.928001,0.634363
0.929001,0.637917
0.93,0.641521
0.931,0.645142
0.932,0.6488
0.933,0.652518
0.934,0.656256
0.935001,0.660016
0.936001,0.663835
0.937001,0.667677
0.938,0.671596
0.939,0.675534
0.94,0.679486
0.941,0.683486
0.942,0.687495
0.943001,0.691599
0.944001,0.695718
0.945001,0.699905
0.946,0.704122
0.947,0.708392
0.948,0.71269
0.949,0.717047
0.95,0.721448
0.951001,0.725872
0.952001,0.730374
0.953001,0.734883
0.954,0.739466
0.955,0.744117
0.956,0.748783
0.957,0.753543
0.958,0.75833
0.959,0.763132
0.960001,0.767995
0.961001,0.772887
0.962,0.777886
0.963,0.782919
0.964,0.788014
0.965,0.793169
0.966,0.798395
0.967,0.803676
0.968001,0.809023
0.969001,0.81444
0.970001,0.819908
0.971,0.825404
0.972,0.830958
0.973,0.83663
0.974,0.842327
0.975,0.848098
0.976001,0.853998
0.977001,0.85994
0.978001,0.865952
0.979,0.872013
0.98,0.878243
0.981,0.884529
0.982,0.890841
0.983,0.89726
0.984001,0.903741
0.985001,0.910342
0.986001,0.916943
0.987,0.923697
0.988,0.930527
0.989,0.937451
0.99,0.944463
0.991,0.951552
0.992001,0.958775
0.993001,0.966102
0.994001,0.973475
0.995,0.980949
0.996,0.988529
0.997,0.996214
0.998,1.00403
0.999,1.01192
0.999999,1.02