0,0.02
0.00182983,0.0217885
0.00274474,0.0225349
0.00365965,0.0232503
0.00457457,0.0240908
0.00548948,0.0250128
0.00640439,0.0259527
0.0073193,0.0271076
0.00823422,0.0279991
0.00914913,0.0287849
0.010064,0.0295657
0.0118939,0.0303431
0.0128088,0.0312708
0.0137237,0.0324087
0.0146386,0.0334125
0.0155535,0.0342712
0.0164684,0.0350385
0.0173833,0.0358276
0.0182983,0.0371082
0.0192132,0.0381425
0.0201281,0.0389644
0.021043,0.0397852
0.0228728,0.0410195
0.0237877,0.0419074
0.0247027,0.0428634
0.0256176,0.043662
0.0265325,0.0446318
0.0274474,0.0457994
0.0283623,0.0467139
0.0292772,0.0476761
0.0301921,0.0486323
0.031107,0.0496397
0.032022,0.050686
0.0338518,0.051582
0.0347667,0.052489
0.0356816,0.0535212
0.0365965,0.054534
0.0375114,0.0555199
0.0384263,0.0563742
0.0393413,0.0575094
0.0402562,0.0588004
0.0411711,0.0599946
0.042086,0.0611922
0.0430009,0.062261
0.0448307,0.0628827
0.0457457,0.0639502
0.0466606,0.0648579
0.0475755,0.06577
0.0484904,0.0669296
0.0494053,0.0683997
0.0503202,0.0694008
0.0512351,0.0704316
0.05215,0.0713834
0.053065,0.072267
0.0548948,0.0734209
0.0558097,0.0743747
0.0567246,0.0755303
0.0576395,0.0764624
0.0585544,0.0774497
0.0594694,0.0786403
0.0603843,0.0801091
0.0612992,0.0813435
0.0622141,0.0823991
0.063129,0.0834074
0.0640439,0.0847042
0.0658737,0.0855232
0.0667887,0.0865517
0.0677036,0.0880878
0.0686185,0.0890505
0.0695334,0.0902269
0.0704483,0.0911772
0.0713632,0.0920873
0.0722781,0.0934045
0.073193,0.0946467
0.074108,0.0955591
0.0750229,0.0966597
0.0768527,0.0982192
0.0777676,0.100038
0.0786825,0.101197
0.0795974,0.102278
0.0805124,0.103375
0.0814273,0.104835
0.0823422,0.105966
0.0832571,0.107392
0.084172,0.108471
0.0850869,0.109669
0.0860018,0.110693
0.0878317,0.111748
0.0887466,0.113177
0.0896615,0.114535
0.0905764,0.11605
0.0914913,0.117931
0.0924062,0.119057
0.0933211,0.12084
0.094236,0.122185
0.095151,0.123132
0.0960659,0.12445
0.0978957,0.126443
0.0988106,0.127081
0.0997255,0.128539
0.10064,0.12962
0.101555,0.13048
0.10247,0.131617
0.103385,0.133198
0.1043,0.135101
0.105215,0.136427
0.10613,0.137941
0.107045,0.139381
0.108875,0.140402
0.10979,0.141651
0.110704,0.143304
0.111619,0.145262
0.112534,0.14694
0.113449,0.147793
0.114364,0.148978
0.115279,0.150251
0.116194,0.151723
0.117109,0.153546
0.118024,0.154886
0.119854,0.15606
0.120769,0.15747
0.121683,0.158606
0.122598,0.160066
0.123513,0.162268
0.124428,0.163653
0.125343,0.165114
0.126258,0.166384
0.127173,0.167906
0.128088,0.169451
0.129003,0.170539
0.130833,0.172161
0.131747,0.173727
0.132662,0.175597
0.133577,0.177278
0.134492,0.179059
0.135407,0.18007
0.136322,0.181581
0.137237,0.183279
0.138152,0.184767
0.139067,0.186546
0.140897,0.188292
0.141812,0.189913
0.142726,0.19203
0.143641,0.193768
0.144556,0.195319
0.145471,0.197056
0.146386,0.198951
0.147301,0.19999
0.148216,0.200635
0.149131,0.203137
0.150046,0.204405
0.151876,0.206144
0.15279,0.207949
0.153705,0.208831
0.15462,0.210175
0.155535,0.212035
0.15645,0.213583
0.157365,0.215489
0.15828,0.217224
0.159195,0.218303
0.16011,0.220665
0.161025,0.222184
0.162855,0.223811
0.163769,0.225665
0.164684,0.227711
0.165599,0.229317
0.166514,0.230846
0.167429,0.231522
0.168344,0.232629
0.169259,0.234575
0.170174,0.236216
0.171089,0.237868
0.172004,0.239664
0.173833,0.242475
0.174748,0.244645
0.175663,0.246478
0.176578,0.248273
0.177493,0.25018
0.178408,0.252288
0.179323,0.253657
0.180238,0.255585
0.181153,0.256627
0.182068,0.259582
0.183898,0.261346
0.184812,0.263617
0.185727,0.26493
0.186642,0.267516
0.187557,0.270134
0.188472,0.271952
0.189387,0.273263
0.190302,0.274861
0.191217,0.276821
0.192132,0.278426
0.193047,0.280309
0.194876,0.281696
0.195791,0.283175
0.196706,0.285982
0.197621,0.287949
0.198536,0.289873
0.199451,0.291522
0.200366,0.29353
0.201281,0.296398
0.202196,0.297749
0.203111,0.29971
0.204026,0.301534
0.205855,0.302722
0.20677,0.304316
0.207685,0.306694
0.2086,0.309551
0.209515,0.311447
0.21043,0.314045
0.211345,0.31618
0.21226,0.318309
0.213175,0.320001
0.21409,0.322093
0.215005,0.323328
0.216834,0.326012
0.217749,0.327936
0.218664,0.329669
0.219579,0.331315
0.220494,0.332513
0.221409,0.334791
0.222324,0.336659
0.223239,0.338705
0.224154,0.340665
0.225069,0.342972
0.226898,0.345672
0.227813,0.347956
0.228728,0.349435
0.229643,0.350902
0.230558,0.352759
0.231473,0.355194
0.232388,0.357356
0.233303,0.359731
0.234218,0.361212
0.235133,0.363356
0.236048,0.365228
0.237877,0.367736
0.238792,0.369873
0.239707,0.371981
0.240622,0.373858
0.241537,0.376268
0.242452,0.378249
0.243367,0.380242
0.244282,0.382287
0.245197,0.384299
0.246112,0.386562
0.247027,0.388832
0.248856,0.390531
0.249771,0.392822
0.250686,0.39574
0.251601,0.397194
0.252516,0.398971
0.253431,0.400865
0.254346,0.402705
0.255261,0.40493
0.256176,0.407492
0.257091,0.409554
0.258005,0.411187
0.259835,0.413714
0.26075,0.416303
0.261665,0.418526
0.26258,0.420175
0.263495,0.42204
0.26441,0.424131
0.265325,0.42661
0.26624,0.4286
0.267155,0.431343
0.26807,0.433783
0.269899,0.435883
0.270814,0.437896
0.271729,0.440191
0.272644,0.442707
0.273559,0.44536
0.274474,0.447475
0.275389,0.449277
0.276304,0.452042
0.277219,0.454418
0.278134,0.456809
0.279048,0.458791
0.280878,0.461139
0.281793,0.463504
0.282708,0.465785
0.283623,0.467794
0.284538,0.470039
0.285453,0.472708
0.286368,0.475088
0.287283,0.478165
0.288198,0.479989
0.289113,0.482364
0.290027,0.484684
0.291857,0.486813
0.292772,0.488711
0.293687,0.490687
0.294602,0.493038
0.295517,0.495313
0.296432,0.498153
0.297347,0.500659
0.298262,0.501863
0.299177,0.504241
0.300091,0.506457
0.301006,0.509285
0.302836,0.512036
0.303751,0.514147
0.304666,0.516934
0.305581,0.519344
0.306496,0.522047
0.307411,0.524231
0.308326,0.526456
0.309241,0.529466
0.310156,0.532028
0.31107,0.534611
0.3129,0.537105
0.313815,0.539074
0.31473,0.541536
0.315645,0.544075
0.31656,0.546949
0.317475,0.549454
0.31839,0.552001
0.319305,0.554008
0.32022,0.556743
0.321134,0.559652
0.322049,0.562159
0.323879,0.564573
0.324794,0.567199
0.325709,0.569674
0.326624,0.572134
0.327539,0.574648
0.328454,0.577441
0.329369,0.580198
0.330284,0.582656
0.331199,0.585211
0.332113,0.587609
0.333028,0.590125
0.334858,0.593656
0.335773,0.596379
0.336688,0.598974
0.337603,0.601471
0.338518,0.604102
0.339433,0.606726
0.340348,0.609668
0.341263,0.611318
0.342177,0.614456
0.343092,0.617072
0.344007,0.620028
0.345837,0.622931
0.346752,0.625136
0.347667,0.627514
0.348582,0.630173
0.349497,0.633049
0.350412,0.635746
0.351327,0.638541
0.352242,0.641322
0.353156,0.644359
0.354071,0.647345
0.355901,0.650238
0.356816,0.652755
0.357731,0.655126
0.358646,0.657707
0.359561,0.66106
0.360476,0.6644
0.361391,0.66675
0.362306,0.669548
0.36322,0.672068
0.364135,0.674748
0.36505,0.677894
0.36688,0.680583
0.367795,0.683146
0.36871,0.685669
0.369625,0.688564
0.37054,0.691137
0.371455,0.694034
0.37237,0.69696
0.373285,0.69989
0.374199,0.703189
0.375114,0.706173
0.376029,0.708951
0.377859,0.711678
0.378774,0.714707
0.379689,0.717311
0.380604,0.720257
0.381519,0.723464
0.382434,0.726548
0.383349,0.729035
0.384263,0.732334
0.385178,0.73523
0.386093,0.737864
0.387008,0.740482
0.388838,0.743617
0.389753,0.746332
0.390668,0.749308
0.391583,0.752331
0.392498,0.755208
0.393413,0.758287
0.394328,0.761081
0.395242,0.76398
0.396157,0.767195
0.397072,0.77051
0.398902,0.773942
0.399817,0.776669
0.400732,0.780445
0.401647,0.783644
0.402562,0.786796
0.403477,0.789805
0.404392,0.79218
0.405306,0.795486
0.406221,0.797839
0.407136,0.801248
0.408051,0.803624
0.409881,0.806816
0.410796,0.810786
0.411711,0.813603
0.412626,0.816178
0.413541,0.819033
0.414456,0.821755
0.415371,0.82507
0.416285,0.828705
0.4172,0.832333
0.418115,0.835233
0.41903,0.838283
0.42086,0.842108
0.421775,0.845372
0.42269,0.848227
0.423605,0.851362
0.42452,0.855315
0.425435,0.858912
0.426349,0.861864
0.427264,0.86464
0.428179,0.868508
0.429094,0.871693
0.430009,0.875029
0.431839,0.878551
0.432754,0.882463
0.433669,0.885792
0.434584,0.889183
0.435499,0.891973
0.436414,0.894544
0.437328,0.898518
0.438243,0.901692
0.439158,0.904989
0.440073,0.908488
0.441903,0.91187
0.442818,0.915497
0.443733,0.919007
0.444648,0.921725
0.445563,0.925274
0.446478,0.928333
0.447392,0.932254
0.448307,0.935608
0.449222,0.9397
0.450137,0.942865
0.451052,0.946389
0.452882,0.949728
0.453797,0.952718
0.454712,0.955755
0.455627,0.958789
0.456542,0.961517
0.457457,0.965137
0.458371,0.969054
0.459286,0.972898
0.460201,0.977154
0.461116,0.980921
0.462031,0.984392
0.463861,0.989037
0.464776,0.992744
0.465691,0.996422
0.466606,1.00073
0.467521,1.0055
0.468435,1.00766
0.46935,1.01176
0.470265,1.01497
0.47118,1.01934
0.472095,1.02288
0.47301,1.02713
0.47484,1.03011
0.475755,1.03363
0.47667,1.03739
0.477585,1.04109
0.4785,1.04544
0.479414,1.05004
0.480329,1.05392
0.481244,1.05739
0.482159,1.06116
0.483074,1.06489
0.484904,1.06823
0.485819,1.07212
0.486734,1.0759
0.487649,1.08056
0.488564,1.08462
0.489478,1.08853
0.490393,1.09204
0.491308,1.09565
0.492223,1.09982
0.493138,1.10465
0.494053,1.10857
0.495883,1.11233
0.496798,1.11609
0.497713,1.12048
0.498628,1.12417
0.499543,1.12732
0.500457,1.13274
0.501372,1.13678
0.502287,1.14036
0.503202,1.14543
0.504117,1.15002
0.505032,1.1553
0.506862,1.15925
0.507777,1.16399
0.508692,1.16819
0.509607,1.17267
0.510522,1.1769
0.511436,1.1809
0.512351,1.18474
0.513266,1.18914
0.514181,1.19362
0.515096,1.19887
0.516011,1.20382
0.517841,1.20748
0.518756,1.21253
0.519671,1.21747
0.520586,1.22153
0.5215,1.22611
0.522415,1.2307
0.52333,1.23537
0.524245,1.23963
0.52516,1.245
0.526075,1.24922
0.527905,1.25303
0.52882,1.25807
0.529735,1.26219
0.53065,1.2671
0.531565,1.27147
0.532479,1.27484
0.533394,1.2793
0.534309,1.28438
0.535224,1.28946
0.536139,1.29386
0.537054,1.29792
0.538884,1.30268
0.539799,1.307
0.540714,1.31194
0.541629,1.31773
0.542543,1.32153
0.543458,1.32703
0.544373,1.33135
0.545288,1.33699
0.546203,1.34117
0.547118,1.3463
0.548033,1.35003
0.549863,1.35528
0.550778,1.35986
0.551693,1.36486
0.552608,1.36996
0.553522,1.3759
0.554437,1.38029
0.555352,1.38522
0.556267,1.39088
0.557182,1.39492
0.558097,1.3994
0.559012,1.40364
0.560842,1.40955
0.561757,1.4142
0.562672,1.41798
0.563586,1.42227
0.564501,1.42829
0.565416,1.4331
0.566331,1.43837
0.567246,1.44366
0.568161,1.44831
0.569076,1.45312
0.570906,1.45833
0.571821,1.46318
0.572736,1.46807
0.573651,1.47385
0.574565,1.47868
0.57548,1.48479
0.576395,1.48971
0.57731,1.49488
0.578225,1.50041
0.57914,1.50604
0.580055,1.5114
0.581885,1.517
0.5828,1.52294
0.583715,1.52736
0.584629,1.53245
0.585544,1.53796
0.586459,1.54211
0.587374,1.54766
0.588289,1.55279
0.589204,1.55882
0.590119,1.56383
0.591034,1.57071
0.592864,1.57542
0.593779,1.58234
0.594694,1.58875
0.595608,1.59462
0.596523,1.60056
0.597438,1.60552
0.598353,1.6114
0.599268,1.61722
0.600183,1.62306
0.601098,1.62877
0.602013,1.63433
0.603843,1.63948
0.604758,1.64594
0.605672,1.65207
0.606587,1.65831
0.607502,1.6645
0.608417,1.66952
0.609332,1.67628
0.610247,1.68215
0.611162,1.68853
0.612077,1.69336
0.613907,1.69816
0.614822,1.70378
0.615737,1.70884
0.616651,1.71392
0.617566,1.72036
0.618481,1.72482
0.619396,1.73107
0.620311,1.73825
0.621226,1.74449
0.622141,1.75
0.623056,1.75636
0.624886,1.76146
0.625801,1.76846
0.626715,1.77392
0.62763,1.77996
0.628545,1.78763
0.62946,1.7939
0.630375,1.80018
0.63129,1.8078
0.632205,1.81372
0.63312,1.81944
0.634035,1.82683
0.635865,1.83407
0.63678,1.84061
0.637694,1.84709
0.638609,1.85423
0.639524,1.86153
0.640439,1.86748
0.641354,1.8742
0.642269,1.88159
0.643184,1.888
0.644099,1.89323
0.645014,1.90015
0.646844,1.90707
0.647758,1.91512
0.648673,1.92352
0.649588,1.93164
0.650503,1.93918
0.651418,1.94712
0.652333,1.95519
0.653248,1.96265
0.654163,1.96969
0.655078,1.97805
0.656908,1.9842
0.657823,1.99216
0.658737,1.9988
0.659652,2.00494
0.660567,2.01345
0.661482,2.02188
0.662397,2.0287
0.663312,2.03618
0.664227,2.043
0.665142,2.05011
0.666057,2.05699
0.667887,2.06615
0.668801,2.0719
0.669716,2.07795
0.670631,2.08573
0.671546,2.09255
0.672461,2.09838
0.673376,2.10561
0.674291,2.11319
0.675206,2.1216
0.676121,2.12942
0.677036,2.13659
0.678866,2.14394
0.67978,2.15348
0.680695,2.16102
0.68161,2.16867
0.682525,2.17608
0.68344,2.18375
0.684355,2.19101
0.68527,2.19948
0.686185,2.20799
0.6871,2.2154
0.688015,2.22603
0.689844,2.23441
0.690759,2.24404
0.691674,2.25326
0.692589,2.26215
0.693504,2.27025
0.694419,2.27707
0.695334,2.28492
0.696249,2.29366
0.697164,2.30293
0.698079,2.3107
0.699909,2.31827
0.700823,2.32844
0.701738,2.33707
0.702653,2.34441
0.703568,2.35124
0.704483,2.36045
0.705398,2.36972
0.706313,2.37659
0.707228,2.38594
0.708143,2.39247
0.709058,2.39974
0.710887,2.40925
0.711802,2.41924
0.712717,2.42821
0.713632,2.43656
0.714547,2.44636
0.715462,2.4558
0.716377,2.4637
0.717292,2.47046
0.718207,2.47867
0.719122,2.48935
0.720037,2.49818
0.721866,2.50916
0.722781,2.51745
0.723696,2.52675
0.724611,2.53639
0.725526,2.54297
0.726441,2.5516
0.727356,2.56124
0.728271,2.56815
0.729186,2.57582
0.730101,2.58517
0.731016,2.59242
0.732845,2.60306
0.73376,2.61267
0.734675,2.6232
0.73559,2.63004
0.736505,2.6445
0.73742,2.65324
0.738335,2.66265
0.73925,2.67547
0.740165,2.68791
0.74108,2.70169
0.742909,2.71332
0.743824,2.72442
0.744739,2.73463
0.745654,2.74453
0.746569,2.75621
0.747484,2.76796
0.748399,2.77757
0.749314,2.78956
0.750229,2.80322
0.751144,2.81293
0.752059,2.8235
0.753888,2.83115
0.754803,2.84163
0.755718,2.85394
0.756633,2.86563
0.757548,2.87764
0.758463,2.88819
0.759378,2.9018
0.760293,2.91308
0.761208,2.92303
0.762123,2.93445
0.763038,2.94714
0.764867,2.95977
0.765782,2.9712
0.766697,2.98468
0.767612,2.99399
0.768527,3.00653
0.769442,3.01927
0.770357,3.03015
0.771272,3.04394
0.772187,3.05595
0.773102,3.06927
0.774016,3.08016
0.775846,3.09244
0.776761,3.10346
0.777676,3.11411
0.778591,3.12753
0.779506,3.13805
0.780421,3.14916
0.781336,3.16069
0.782251,3.1763
0.783166,3.19099
0.784081,3.19971
0.78591,3.21212
0.786825,3.22451
0.78774,3.23722
0.788655,3.24901
0.78957,3.26114
0.790485,3.27165
0.7914,3.28456
0.792315,3.29842
0.79323,3.31299
0.794145,3.32784
0.795059,3.33981
0.796889,3.35273
0.797804,3.36451
0.798719,3.37625
0.799634,3.3894
0.800549,3.40444
0.801464,3.41728
0.802379,3.43024
0.803294,3.4427
0.804209,3.45851
0.805124,3.47341
0.806038,3.48788
0.807868,3.50458
0.808783,3.51818
0.809698,3.52708
0.810613,3.54218
0.811528,3.55698
0.812443,3.56827
0.813358,3.58388
0.814273,3.5972
0.815188,3.61226
0.816102,3.62856
0.817017,3.64352
0.818847,3.65905
0.819762,3.67665
0.820677,3.69508
0.821592,3.70978
0.822507,3.72493
0.823422,3.74207
0.824337,3.75882
0.825252,3.77453
0.826167,3.78739
0.827081,3.80478
0.828911,3.82004
0.829826,3.83383
0.830741,3.85392
0.831656,3.87111
0.832571,3.8882
0.833486,3.90567
0.834401,3.92324
0.835316,3.93855
0.836231,3.96054
0.837145,3.97606
0.83806,3.98993
0.83989,4.00889
0.840805,4.0218
0.84172,4.03795
0.842635,4.04878
0.84355,4.06338
0.844465,4.08453
0.84538,4.10396
0.846295,4.12194
0.84721,4.1397
0.848124,4.15852
0.849039,4.17911
0.850869,4.20176
0.851784,4.22222
0.852699,4.24249
0.853614,4.25819
0.854529,4.27755
0.855444,4.29889
0.856359,4.31464
0.857274,4.33798
0.858188,4.3545
0.859103,4.37455
0.860018,4.39317
0.861848,4.41472
0.862763,4.43673
0.863678,4.45394
0.864593,4.4742
0.865508,4.49302
0.866423,4.50727
0.867338,4.52984
0.868253,4.5499
0.869167,4.57301
0.870082,4.59809
0.871912,4.61742
0.872827,4.63198
0.873742,4.6558
0.874657,4.68038
0.875572,4.70073
0.876487,4.721
0.877402,4.7404
0.878317,4.75848
0.879231,4.77765
0.880146,4.79999
0.881061,4.81565
0.882891,4.83994
0.883806,4.86319
0.884721,4.88112
0.885636,4.90359
0.886551,4.92771
0.887466,4.95797
0.888381,4.97151
0.889296,4.99937
0.89021,5.02542
0.891125,5.04524
0.89204,5.06537
0.89387,5.08775
0.894785,5.11531
0.8957,5.13962
0.896615,5.16408
0.89753,5.19298
0.898445,5.21325
0.89936,5.23719
0.900274,5.2728
0.901189,5.304
0.902104,5.33065
0.903019,5.35387
0.904849,5.39185
0.905764,5.41581
0.906679,5.43802
0.907594,5.46602
0.908509,5.493
0.909424,5.51728
0.910339,5.55138
0.911253,5.57693
0.912168,5.60683
0.913083,5.62799
0.914913,5.65539
0.915828,5.67884
0.916743,5.71766
0.917658,5.74104
0.918573,5.76003
0.919488,5.79473
0.920403,5.82401
0.921317,5.86438
0.922232,5.88756
0.923147,5.9129
0.924062,5.95305
0.925892,5.99455
0.926807,6.02069
0.927722,6.05322
0.928637,6.08135
0.929552,6.113
0.930467,6.14378
0.931382,6.17475
0.932296,6.21213
0.933211,6.23777
0.934126,6.27219
0.935041,6.3081
0.936871,6.33931
0.937786,6.38165
0.938701,6.41897
0.939616,6.45067
0.940531,6.48286
0.941446,6.50955
0.94236,6.5543
0.943275,6.58047
0.94419,6.61814
0.945105,6.65317
0.94602,6.69874
0.94785,6.74084
0.948765,6.78949
0.94968,6.8264
0.950595,6.86274
0.95151,6.89078
0.952425,6.9378
0.953339,6.97898
0.954254,7.00344
0.955169,7.04032
0.956084,7.08125
0.957914,7.1212
0.958829,7.15719
0.959744,7.18698
0.960659,7.24075
0.961574,7.27991
0.962489,7.31481
0.963403,7.3516
0.964318,7.39257
0.965233,7.44117
0.966148,7.48996
0.967063,7.53184
0.968893,7.57613
0.969808,7.62553
0.970723,7.66811
0.971638,7.7097
0.972553,7.74829
0.973468,7.79189
0.974382,7.84589
0.975297,7.88413
0.976212,7.93019
0.977127,7.98763
0.978042,8.04907
0.979872,8.10312
0.980787,8.16321
0.981702,8.20676
0.982617,8.25382
0.983532,8.31461
0.984446,8.35465
0.985361,8.40078
0.986276,8.44106
0.987191,8.49795
0.988106,8.56273
0.989021,8.6278
0.990851,8.69913
0.991766,8.76428
0.992681,8.81933
0.993596,8.88805
0.994511,8.94178
0.995425,9.0064
0.99634,9.07308
0.997255,9.12984
0.99817,9.18209
0.999085,9.2767
0,1.02