0,0.02
0.00934579,0.039802
0.0186916,0.0504
0.0280374,0.0662828
0.0373832,0.0797609
0.046729,0.0960046
0.0560748,0.112516
0.0654206,0.126974
0.0747664,0.143953
0.0841121,0.161248
0.0934579,0.177643
0.102804,0.197601
0.11215,0.214492
0.121495,0.236362
0.130841,0.258134
0.140187,0.281241
0.149533,0.303388
0.158879,0.323696
0.168224,0.345802
0.17757,0.370616
0.186916,0.392673
0.196262,0.417328
0.205607,0.441906
0.214953,0.467711
0.224299,0.487886
0.233645,0.525675
0.242991,0.549929
0.252336,0.575598
0.261682,0.607076
0.271028,0.640081
0.280374,0.672043
0.28972,0.712864
0.299065,0.747309
0.308411,0.781728
0.317757,0.816822
0.327103,0.857054
0.336449,0.89424
0.345794,0.931935
0.35514,0.9718
0.364486,1.0106
0.373832,1.0503
0.383178,1.08959
0.392523,1.13583
0.401869,1.17809
0.411215,1.2246
0.420561,1.27176
0.429907,1.32031
0.439252,1.36807
0.448598,1.41939
0.457944,1.47588
0.46729,1.52598
0.476636,1.57953
0.485981,1.63194
0.495327,1.68995
0.504673,1.74626
0.514019,1.80601
0.523364,1.87253
0.53271,1.94166
0.542056,2.01082
0.551402,2.07958
0.560748,2.15555
0.570093,2.23376
0.579439,2.31542
0.588785,2.39958
0.598131,2.47507
0.607477,2.56312
0.616822,2.66061
0.626168,2.74793
0.635514,2.84312
0.64486,2.95168
0.654206,3.0478
0.663551,3.15624
0.672897,3.26021
0.682243,3.38989
0.691589,3.50736
0.700935,3.62762
0.71028,3.75053
0.719626,3.8871
0.728972,4.01707
0.738318,4.14353
0.747664,4.30158
0.757009,4.46586
0.766355,4.62751
0.775701,4.73949
0.785047,4.92698
0.794393,5.01732
0.803738,5.19702
0.813084,5.16286
0.82243,5.27649
0.831776,5.37253
0.841121,5.30325
0.850467,5.50754
0.859813,5.45037
0.869159,5.0769
0.878505,5.17268
0.88785,5.39258
0.897196,5.61524
0.906542,4.86603
0.915888,4.91163
0.925234,4.70952
0.934579,4.43419
0.943925,4.68723
0.953271,4.35593
0.962617,4.49552
0.971963,4.37591
0.981308,4.05012
0.990654,3.53933
1,3.48052
0,3.42755
0,3.56999
0,3.37679
0,3.51485
0,3.60871
0,3.73396
0,3.93862
0,2.99014
0,3.13386
0,2.98219
0,2.18587
0,1.91554
0,1.84329
0,1.45615
0,1.21
0,1.21
0,1.21
0,1.22667
0,1.22667
0,1.22667
0,1.22667
0,1.24571
0,1.26769
0,1.29333
0,1.29333
0,1.29333
0,1.356
0,1.356
0,1.02
0,1.02
0,1.02
0,1.02
0,1.02
0,1.02
0,1.02
0,1.02
0,1.02
0,1.02
0,1.02
0,1.02
0,1.02
0,1.02
0,1.02
0,1.02
0,1.02
0,1.02
0,1.02
0,1.02
0,1.02
0,1.02
0,1.02
0,1.02
0,1.02
0,1.02
0,1.02
0,1.02
0,1.02
0,1.02
0,1.02
0,1.02
0,1.02
0,1.02
0,1.02
0,1.02
0,1.02
0,1.02
0,1.02
0,1.02
0,1.02
0,1.02
0,1.02
0,1.02
0,1.02
0,1.02
0,1.02
0,1.02
0,1.02
0,1.02
0,1.02
0,1.02
0,1.02
0,1.02
0,1.02
0,1.02
0,1.02
0,1.02
0,1.02
0,1.02
0,1.02
0,1.02
0,1.02
0,1.02
0,1.02
0,1.02
0,1.02
0,1.02
0,1.02
0,1.02
0,1.02
0,1.02
0,1.02
0,1.02
0,1.02
0,1.02
0,1.02
0,1.02
0,1.02
0,1.02
0,1.02
0,1.02
0,1.02
0,1.02
0,1.02
0,1.02
0,1.02
0,1.02
0,1.02
0,1.02
0,1.02
0,1.02
0,1.02
0,1.02
0,1.02
0,1.02
0,1.02
0,1.02
0,1.02
0,1.02
0,1.02
0,1.02
0,1.02
0,1.02
0,1.02
0,1.02
0,1.02
0,1.02
0,1.02
0,1.02
0,1.02
0,1.02
0,1.02
0,1.02
0,1.02
0,1.02
0,1.02
0,1.02
0,1.02
0,1.02
0,1.02
0,1.02
0,1.02
0,1.02
0,1.02
0,1.02
0,1.02
0,1.02
0,1.02
0,1.02
0,1.02
0,1.02
0,1.02
0,1.02
0,1.02
0,1.02
0,1.02
0,1.02
0,1.02
0,1.02
0,1.02
0,1.02
0,1.02
0,1.02
0,1.02
0,1.02
0,1.02
0,1.02
0,1.02
0,1.02
0,1.02
0,1.02
0,1.02
0,1.02
0,1.02
0,1.02
0,1.02
0,1.02
0,1.02
0,1.02
0,1.02
0,1.02
0,1.02
0,1.02
0,1.02
0,1.02
0,1.02
0,1.02
0,1.02
0,1.02
0,1.02
0,1.02
0,1.02
0,1.02
0,1.02
0,1.02
0,1.02
0,1.02
0,1.02
0,1.02
0,1.02
0,1.02
0,1.02
0,1.02
0,1.02
0,1.02
0,1.02
0,1.02
0,1.02
0,1.02
0,1.02
0,1.02
0,1.02
0,1.02
0,1.02
0,1.02
0,1.02
0,1.02
0,1.02
0,1.02
0,1.02
0,1.02
0,1.02
0,1.02
0,1.02
0,1.02
0,1.02
0,1.02
0,1.02
0,1.02
0,1.02
0,1.02
0,1.02
0,1.02
0,1.02
0,1.02
0,1.02
0,1.02
0,1.02
0,1.02
0,1.02
0,1.02
0,1.02
0,1.02
0,1.02
0,1.02
0,1.02
0,1.02
0,1.02
0,1.02
0,1.02
0,1.02
0,1.02
0,1.02
0,1.02
0,1.02
0,1.02
0,1.02
0,1.02
0,1.02
0,1.02
0,1.02
0,1.02
0,1.02
0,1.02
0,1.02
0,1.02
0,1.02
0,1.02
0,1.02
0,1.02
0,1.02
0,1.02
0,1.02
0,1.02
0,1.02
0,1.02
0,1.02
0,1.02
0,1.02
0,1.02
0,1.02
0,1.02
0,1.02
0,1.02
0,1.02
0,1.02
0,1.02
0,1.02
0,1.02
0,1.02
0,1.02
0,1.02
0,1.02
0,1.02
0,1.02
0,1.02
0,1.02
0,1.02
0,1.02
0,1.02
0,1.02
0,1.02
0,1.02
0,1.02
0,1.02
0,1.02
0,1.02
0,1.02
0,1.02
0,1.02
0,1.02
0,1.02
0,1.02
0,1.02
0,1.02
0,1.02
0,1.02
0,1.02
0,1.02
0,1.02
0,1.02
0,1.02
0,1.02
0,1.02
0,1.02
0,1.02
0,1.02
0,1.02
0,1.02
0,1.02
0,1.02
0,1.02
0,1.02
0,1.02
0,1.02
0,1.02
0,1.02
0,1.02
0,1.02
0,1.02
0,1.02
0,1.02
0,1.02
0,1.02
0,1.02
0,1.02
0,1.02
0,1.02
0,1.02
0,1.02
0,1.02
0,1.02
0,1.02
0,1.02
0,1.02
0,1.02
0,1.02
0,1.02
0,1.02
0,1.02
0,1.02
0,1.02
0,1.02
0,1.02
0,1.02
0,1.02
0,1.02
0,1.02
0,1.02
0,1.02
0,1.02
0,1.02
0,1.02
0,1.02
0,1.02
0,1.02
0,1.02
0,1.02
0,1.02
0,1.02
0,1.02
0,1.02
0,1.02
0,1.02
0,1.02
0,1.02
0,1.02
0,1.02
0,1.02
0,1.02
0,1.02
0,1.02
0,1.02
0,1.02
0,1.02
0,1.02
0,1.02
0,1.02
0,1.02
0,1.02
0,1.02
0,1.02
0,1.02
0,1.02
0,1.02
0,1.02
0,1.02
0,1.02
0,1.02
0,1.02
0,1.02
0,1.02
0,1.02
0,1.02
0,1.02
0,1.02
0,1.02
0,1.02
0,1.02
0,1.02
0,1.02
0,1.02
0,1.02
0,1.02
0,1.02
0,1.02
0,1.02
0,1.02
0,1.02
0,1.02
0,1.02
0,1.02
0,1.02
0,1.02
0,1.02
0,1.02
0,1.02
0,1.02
0,1.02
0,1.02
0,1.02
0,1.02
0,1.02
0,1.02
0,1.02
0,1.02
0,1.02
0,1.02
0,1.02
0,1.02
0,1.02
0,1.02
0,1.02
0,1.02
0,1.02
0,1.02
0,1.02
0,1.02
0,1.02
0,1.02
0,1.02
0,1.02
0,1.02
0,1.02
0,1.02
0,1.02
0,1.02
0,1.02
0,1.02
0,1.02
0,1.02
0,1.02
0,1.02
0,1.02
0,1.02
0,1.02
0,1.02
0,1.02
0,1.02
0,1.02
0,1.02
0,1.02
0,1.02
0,1.02
0,1.02
0,1.02
0,1.02
0,1.02
0,1.02
0,1.02
0,1.02
0,1.02
0,1.02
0,1.02
0,1.02
0,1.02
0,1.02
0,1.02
0,1.02
0,1.02
0,1.02
0,1.02
0,1.02
0,1.02
0,1.02
0,1.02
0,1.02
0,1.02
0,1.02
0,1.02
0,1.02
0,1.02
0,1.02
0,1.02
0,1.02
0,1.02
0,1.02
0,1.02
0,1.02
0,1.02
0,1.02
0,1.02
0,1.02
0,1.02
0,1.02
0,1.02
0,1.02
0,1.02
0,1.02
0,1.02
0,1.02
0,1.02
0,1.02
0,1.02
0,1.02
0,1.02
0,1.02
0,1.02
0,1.02
0,1.02
0,1.02
0,1.02
0,1.02
0,1.02
0,1.02
0,1.02
0,1.02
0,1.02
0,1.02
0,1.02
0,1.02
0,1.02
0,1.02
0,1.02
0,1.02
0,1.02
0,1.02
0,1.02
0,1.02
0,1.02
0,1.02
0,1.02
0,1.02
0,1.02
0,1.02
0,1.02
0,1.02
0,1.02
0,1.02
0,1.02
0,1.02
0,1.02
0,1.02
0,1.02
0,1.02
0,1.02
0,1.02
0,1.02
0,1.02
0,1.02
0,1.02
0,1.02
0,1.02
0,1.02
0,1.02
0,1.02
0,1.02
0,1.02
0,1.02
0,1.02
0,1.02
0,1.02
0,1.02
0,1.02
0,1.02
0,1.02
0,1.02
0,1.02
0,1.02
0,1.02
0,1.02
0,1.02
0,1.02
0,1.02
0,1.02
0,1.02
0,1.02
0,1.02
0,1.02
0,1.02
0,1.02
0,1.02
0,1.02
0,1.02
0,1.02
0,1.02
0,1.02
0,1.02
0,1.02
0,1.02
0,1.02
0,1.02
0,1.02
0,1.02
0,1.02
0,1.02
0,1.02
0,1.02
0,1.02
0,1.02
0,1.02
0,1.02
0,1.02
0,1.02
0,1.02
0,1.02
0,1.02
0,1.02
0,1.02
0,1.02
0,1.02
0,1.02
0,1.02
0,1.02
0,1.02
0,1.02
0,1.02
0,1.02
0,1.02
0,1.02
0,1.02
0,1.02
0,1.02
0,1.02
0,1.02
0,1.02
0,1.02
0,1.02
0,1.02
0,1.02
0,1.02
0,1.02
0,1.02
0,1.02
0,1.02
0,1.02
0,1.02
0,1.02
0,1.02
0,1.02
0,1.02
0,1.02
0,1.02
0,1.02
0,1.02
0,1.02
0,1.02
0,1.02
0,1.02
0,1.02
0,1.02
0,1.02
0,1.02
0,1.02
0,1.02
0,1.02
0,1.02
0,1.02
0,1.02
0,1.02
0,1.02
0,1.02
0,1.02
0,1.02
0,1.02
0,1.02
0,1.02
0,1.02
0,1.02
0,1.02
0,1.02
0,1.02
0,1.02
0,1.02
0,1.02
0,1.02
0,1.02
0,1.02
0,1.02
0,1.02
0,1.02
0,1.02
0,1.02
0,1.02
0,1.02
0,1.02
0,1.02
0,1.02
0,1.02
0,1.02
0,1.02
0,1.02
0,1.02
0,1.02
0,1.02
0,1.02
0,1.02
0,1.02
0,1.02
0,1.02
0,1.02
0,1.02
0,1.02
0,1.02
0,1.02
0,1.02
0,1.02
0,1.02
0,1.02
0,1.02
0,1.02
0,1.02
0,1.02
0,1.02
0,1.02
0,1.02
0,1.02
0,1.02
0,1.02
0,1.02
0,1.02
0,1.02
0,1.02
0,1.02
0,1.02
0,1.02
0,1.02
0,1.02
0,1.02
0,1.02
0,1.02
0,1.02
0,1.02
0,1.02
0,1.02
0,1.02
0,1.02
0,1.02
0,1.02
0,1.02
0,1.02
0,1.02
0,1.02
0,1.02
0,1.02
0,1.02
0,1.02
0,1.02
0,1.02
0,1.02
0,1.02
0,1.02
0,1.02
0,1.02
0,1.02
0,1.02
0,1.02
0,1.02
0,1.02
0,1.02
0,1.02
0,1.02
0,1.02
0,1.02
0,1.02
0,1.02
0,1.02
0,1.02
0,1.02
0,1.02
0,1.02
0,1.02
0,1.02
0,1.02
0,1.02
0,1.02
0,1.02
0,1.02
0,1.02
0,1.02
0,1.02
0,1.02
0,1.02
0,1.02
0,1.02
0,1.02
0,1.02
0,1.02
0,1.02
0,1.02
0,1.02
0,1.02
0,1.02
0,1.02
0,1.02
0,1.02
0,1.02
0,1.02
0,1.02
0,1.02
0,1.02
0,1.02
0,1.02
0,1.02
0,1.02
0,1.02
0,1.02
0,1.02
0,1.02
0,1.02
0,1.02
0,1.02
0,1.02
0,1.02
0,1.02
0,1.02
0,1.02
0,1.02
0,1.02
0,1.02
0,1.02
0,1.02
0,1.02
0,1.02
0,1.02
0,1.02
0,1.02
0,1.02
0,1.02
0,1.02
0,1.02
0,1.02
0,1.02
0,1.02
0,1.02
0,1.02
0,1.02
0,1.02
0,1.02
0,1.02
0,1.02
0,1.02
0,1.02
0,1.02
0,1.02
0,1.02
0,1.02
0,1.02
0,1.02
0,1.02
0,1.02
0,1.02
0,1.02
0,1.02