0,0.02
0.01,0.0200425
0.02,0.0200889
0.03,0.0201413
0.04,0.0202146
0.05,0.0203279
0.06,0.0204604
0.07,0.0206014
0.08,0.0207475
0.09,0.0208972
0.1,0.0210498
0.11,0.0212052
0.12,0.0213632
0.13,0.0215238
0.14,0.0216872
0.15,0.0218534
0.16,0.0220225
0.17,0.0221949
0.18,0.0223705
0.19,0.0225497
0.2,0.0227325
0.21,0.0229191
0.22,0.0231097
0.23,0.0233046
0.24,0.0235038
0.25,0.0237078
0.26,0.0239165
0.27,0.0241303
0.28,0.0243495
0.29,0.0245743
0.3,0.0248049
0.31,0.0250417
0.32,0.0252848
0.33,0.0255346
0.34,0.0257915
0.35,0.0260558
0.36,0.0263281
0.37,0.0266084
0.38,0.0268972
0.39,0.0271952
0.4,0.0275021
0.41,0.0278193
0.42,0.0281468
0.43,0.028485
0.44,0.0288349
0.45,0.0291969
0.46,0.0295718
0.47,0.0299598
0.48,0.0303628
0.49,0.030781
0.5,0.031215
0.51,0.031666
0.52,0.0321354
0.53,0.0326241
0.54,0.0331332
0.55,0.0336635
0.56,0.034218
0.57,0.0347966
0.58,0.0354021
0.59,0.0360358
0.6,0.0367016
0.61,0.037399
0.62,0.0381319
0.63,0.0389021
0.64,0.039714
0.65,0.0405707
0.66,0.0414761
0.67,0.0424356
0.68,0.0434531
0.69,0.0445335
0.7,0.0456823
0.71,0.0469073
0.72,0.0482165
0.73,0.0496172
0.74,0.0511225
0.75,0.0527422
0.76,0.0544928
0.77,0.0563876
0.78,0.058443
0.79,0.0606853
0.8,0.0631433
0.81,0.0658453
0.82,0.0688242
0.83,0.0721328
0.84,0.0758297
0.85,0.0799751
0.86,0.0846691
0.87,0.090029
0.88,0.0961936
0.89,0.10339
0.9,0.111856
0.91,0.12204
0.92,0.134422
0.93,0.149864
0.94,0.169649
0.95,0.195881
0.96,0.23231
0.97,0.286388
0.98,0.374997
0.99,0.546676
1,1.02