0,0.02
0.00104275,0.0200886
0.00200529,0.0201708
0.00304805,0.0202518
0.00401059,0.0203337
0.00505334,0.0204139
0.00601588,0.020496
0.00705863,0.0205786
0.00802118,0.0206633
0.00906393,0.0207454
0.0100265,0.0208326
0.0110692,0.0209203
0.0120318,0.0210037
0.0130745,0.0210889
0.0140371,0.0211728
0.0150798,0.021261
0.0160424,0.0213526
0.0170049,0.0214412
0.0180476,0.0215259
0.0190102,0.0216176
0.0200529,0.0217091
0.0210155,0.0217991
0.0220582,0.0218954
0.0230208,0.021993
0.0240635,0.0220828
0.0250261,0.0221753
0.0260688,0.0222697
0.0270314,0.0223694
0.0280741,0.0224678
0.0290367,0.0225572
0.0300794,0.0226555
0.031042,0.02275
0.0320045,0.022847
0.0330472,0.0229476
0.0340098,0.0230523
0.0350525,0.0231553
0.0360151,0.0232595
0.0370578,0.0233586
0.0380204,0.0234724
0.0390631,0.0235759
0.0400257,0.0236799
0.0410684,0.023782
0.042031,0.0238889
0.0430737,0.0239991
0.0440363,0.0241097
0.045079,0.024226
0.0460415,0.024317
0.0470041,0.0244328
0.0480468,0.0245525
0.0490094,0.0246626
0.0500521,0.0247806
0.0510147,0.0248901
0.0520574,0.0249982
0.05302,0.025105
0.0540627,0.0252175
0.0550253,0.0253405
0.056068,0.0254636
0.0570306,0.0255779
0.0580733,0.0256769
0.0590359,0.0258107
0.0600786,0.0259356
0.0610411,0.0260744
0.0620037,0.0261875
0.0630464,0.0263312
0.064009,0.0264436
0.0650517,0.0265579
0.0660143,0.0266769
0.067057,0.02681
0.0680196,0.0269539
0.0690623,0.0270614
0.0700249,0.0271755
0.0710676,0.0273033
0.0720302,0.0274245
0.0730729,0.0275413
0.0740355,0.0276714
0.0750782,0.0278078
0.0760407,0.0279336
0.0770033,0.0280586
0.078046,0.0281879
0.0790086,0.0283141
0.0800513,0.0284444
0.0810139,0.0285696
0.0820566,0.0287131
0.0830192,0.028848
0.0840619,0.0290007
0.0850245,0.0291231
0.0860672,0.0292565
0.0870298,0.0293844
0.0880725,0.0295361
0.0890351,0.029679
0.0900778,0.0298194
0.0910403,0.0299474
0.0920029,0.0300941
0.0930456,0.0302333
0.0940082,0.0303627
0.0950509,0.0304946
0.0960135,0.0306341
0.0970562,0.0307717
0.0980188,0.03091
0.0990615,0.0310466
0.100024,0.0311765
0.101067,0.0313347
0.102029,0.0314681
0.103072,0.0316093
0.104035,0.0317591
0.105077,0.0319027
0.10604,0.0320473
0.107002,0.032184
0.108045,0.0323268
0.109008,0.0324753
0.110051,0.0326296
0.111013,0.0327715
0.112056,0.0329301
0.113018,0.0330794
0.114061,0.0332098
0.115024,0.0333487
0.116066,0.0335038
0.117029,0.0336616
0.118072,0.0338058
0.119034,0.0339423
0.120077,0.0340947
0.12104,0.034248
0.122002,0.0344032
0.123045,0.0345584
0.124007,0.0347054
0.12505,0.0348516
0.126013,0.0350062
0.127055,0.0351478
0.128018,0.0353137
0.129061,0.0354723
0.130023,0.035627
0.131066,0.0357863
0.132029,0.0359478
0.133071,0.0361023
0.134034,0.0362621
0.135077,0.0364117
0.136039,0.0365617
0.137002,0.036723
0.138044,0.0368808
0.139007,0.0370454
0.14005,0.0372159
0.141012,0.0373756
0.142055,0.0375371
0.143018,0.0376954
0.14406,0.0378452
0.145023,0.038008
0.146066,0.0381799
0.147028,0.038339
0.148071,0.0385095
0.149033,0.0386675
0.150076,0.0388428
0.151039,0.0390094
0.152001,0.0391637
0.153044,0.0393229
0.154007,0.0394821
0.155049,0.0396462
0.156012,0.0398082
0.157055,0.0399865
0.158017,0.0401622
0.15906,0.0403183
0.160022,0.0404939
0.161065,0.0406514
0.162028,0.0408227
0.163071,0.0409871
0.164033,0.0411433
0.165076,0.0413051
0.166038,0.0414821
0.167001,0.0416606
0.168044,0.0418327
0.169006,0.0420142
0.170049,0.0421955
0.171011,0.0423672
0.172054,0.0425389
0.173017,0.0427077
0.17406,0.0428851
0.175022,0.0430625
0.176065,0.043241
0.177027,0.043416
0.17807,0.0435933
0.179033,0.0437758
0.180075,0.0439561
0.181038,0.0441356
0.182,0.0443079
0.183043,0.0444879
0.184006,0.0446642
0.185049,0.0448399
0.186011,0.0450222
0.187054,0.0452002
0.188016,0.0453826
0.189059,0.0455658
0.190022,0.0457537
0.191064,0.0459331
0.192027,0.0461112
0.19307,0.0462845
0.194032,0.0464702
0.195075,0.0466534
0.196038,0.0468492
0.197,0.0470319
0.198043,0.0472235
0.199005,0.0474061
0.200048,0.0475972
0.201011,0.0477858
0.202053,0.0479742
0.203016,0.0481534
0.204059,0.0483474
0.205021,0.0485405
0.206064,0.0487329
0.207027,0.048923
0.208069,0.0491065
0.209032,0.0493065
0.210075,0.0494988
0.211037,0.0496944
0.21208,0.0498917
0.213042,0.0500852
0.214005,0.0502728
0.215048,0.0504684
0.21601,0.0506598
0.217053,0.0508503
0.218016,0.0510539
0.219058,0.0512523
0.220021,0.0514493
0.221064,0.0516306
0.222026,0.0518412
0.223069,0.0520381
0.224031,0.0522246
0.225074,0.0524249
0.226037,0.0526379
0.227079,0.0528395
0.228042,0.0530367
0.229005,0.0532497
0.230047,0.053462
0.23101,0.0536627
0.232053,0.0538581
0.233015,0.054064
0.234058,0.0542618
0.23502,0.054469
0.236063,0.0546821
0.237026,0.0548824
0.238069,0.0550991
0.239031,0.0553028
0.240074,0.0555042
0.241036,0.0557033
0.242079,0.0559014
0.243042,0.0561153
0.244004,0.056317
0.245047,0.056526
0.246009,0.0567318
0.247052,0.0569456
0.248015,0.0571499
0.249058,0.0573602
0.25002,0.0575675
0.251063,0.0577818
0.252025,0.0580005
0.253068,0.0582179
0.254031,0.0584234
0.255073,0.0586449
0.256036,0.0588592
0.257079,0.0590817
0.258041,0.0592878
0.259004,0.0595103
0.260047,0.059735
0.261009,0.0599537
0.262052,0.0601684
0.263014,0.0603895
0.264057,0.0606102
0.26502,0.0608377
0.266062,0.061066
0.267025,0.0612833
0.268068,0.0615012
0.26903,0.0617278
0.270073,0.0619515
0.271036,0.0621729
0.272078,0.0624
0.273041,0.0626262
0.274003,0.0628553
0.275046,0.0630939
0.276009,0.0633227
0.277051,0.0635591
0.278014,0.0637862
0.279057,0.0640148
0.280019,0.0642484
0.281062,0.0644701
0.282025,0.0647097
0.283067,0.0649271
0.28403,0.0651663
0.285073,0.0653974
0.286035,0.0656317
0.287078,0.0658672
0.28804,0.0661054
0.289003,0.0663374
0.290046,0.0665734
0.291008,0.0668069
0.292051,0.0670475
0.293014,0.0672846
0.294056,0.0675228
0.295019,0.0677596
0.296062,0.0680069
0.297024,0.0682457
0.298067,0.0684845
0.299029,0.0687239
0.300072,0.0689651
0.301035,0.069203
0.302077,0.0694369
0.30304,0.0696835
0.304003,0.0699234
0.305045,0.070172
0.306008,0.0704149
0.307051,0.0706598
0.308013,0.0708991
0.309056,0.0711421
0.310018,0.0713849
0.311061,0.0716282
0.312024,0.071884
0.313066,0.0721282
0.314029,0.072375
0.315072,0.072624
0.316034,0.0728783
0.317077,0.073118
0.31804,0.0733601
0.319002,0.0736069
0.320045,0.0738579
0.321007,0.0741207
0.32205,0.0743791
0.323013,0.074619
0.324056,0.074864
0.325018,0.0751171
0.326061,0.07537
0.327023,0.0756251
0.328066,0.0758881
0.329029,0.0761475
0.330071,0.0764201
0.331034,0.0766782
0.332077,0.0769374
0.333039,0.0771856
0.334002,0.0774354
0.335045,0.0777056
0.336007,0.0779647
0.33705,0.0782344
0.338012,0.0785039
0.339055,0.0787768
0.340018,0.0790373
0.34106,0.0793055
0.342023,0.0795601
0.343066,0.0798208
0.344028,0.0800826
0.345071,0.0803565
0.346034,0.0806282
0.347076,0.0809034
0.348039,0.0811779
0.349001,0.0814394
0.350044,0.0817085
0.351007,0.081975
0.352049,0.0822399
0.353012,0.0825155
0.354055,0.0827882
0.355017,0.0830593
0.35606,0.0833513
0.357023,0.0836193
0.358065,0.0838921
0.359028,0.084168
0.360071,0.0844388
0.361033,0.0847236
0.362076,0.0850026
0.363038,0.0852685
0.364001,0.0855486
0.365044,0.0858234
0.366006,0.0861024
0.367049,0.0863841
0.368012,0.0866601
0.369054,0.0869583
0.370017,0.087246
0.37106,0.0875341
0.372022,0.0878193
0.373065,0.0881156
0.374027,0.0884032
0.37507,0.0886952
0.376033,0.0889698
0.377075,0.0892551
0.378038,0.0895486
0.379001,0.0898489
0.380043,0.0901455
0.381006,0.0904322
0.382049,0.0907307
0.383011,0.0910141
0.384054,0.0913075
0.385016,0.091604
0.386059,0.0919014
0.387022,0.092194
0.388064,0.0924936
0.389027,0.0928011
0.39007,0.0931068
0.391032,0.0934106
0.392075,0.0937245
0.393038,0.0940434
0.394,0.0943531
0.395043,0.0946687
0.396005,0.0949826
0.397048,0.0952967
0.398011,0.0955901
0.399054,0.0958806
0.400016,0.0961937
0.401059,0.0964949
0.402021,0.0968025
0.403064,0.0971222
0.404027,0.0974442
0.405069,0.0977491
0.406032,0.0980656
0.407075,0.0983862
0.408037,0.0987018
0.40908,0.0990287
0.410043,0.0993402
0.411005,0.0996616
0.412048,0.0999832
0.41301,0.100303
0.414053,0.100639
0.415016,0.100956
0.416058,0.101294
0.417021,0.101614
0.418064,0.101938
0.419026,0.102264
0.420069,0.102592
0.421032,0.102914
0.422074,0.103239
0.423037,0.103569
0.42408,0.103906
0.425042,0.104239
0.426005,0.104578
0.427047,0.104912
0.42801,0.105254
0.429053,0.105589
0.430015,0.105943
0.431058,0.106286
0.432021,0.106632
0.433063,0.106968
0.434026,0.107289
0.435069,0.107628
0.436031,0.107959
0.437074,0.1083
0.438036,0.10864
0.439079,0.10898
0.440042,0.109323
0.441004,0.109656
0.442047,0.110009
0.44301,0.110361
0.444052,0.110715
0.445015,0.111062
0.446058,0.111419
0.44702,0.111771
0.448063,0.11214
0.449025,0.112499
0.450068,0.112851
0.451031,0.113194
0.452073,0.113556
0.453036,0.113935
0.454079,0.114305
0.455041,0.114685
0.456004,0.115043
0.457047,0.115428
0.458009,0.115794
0.459052,0.116163
0.460014,0.116539
0.461057,0.116903
0.46202,0.117282
0.463062,0.117658
0.464025,0.118
0.465068,0.118367
0.46603,0.118723
0.467073,0.119107
0.468036,0.119486
0.469078,0.119861
0.470041,0.120233
0.471003,0.120615
0.472046,0.120984
0.473009,0.121342
0.474051,0.121724
0.475014,0.122096
0.476057,0.122474
0.477019,0.122874
0.478062,0.123271
0.479025,0.123658
0.480067,0.124036
0.48103,0.124435
0.482073,0.124819
0.483035,0.125204
0.484078,0.125606
0.485041,0.125981
0.486003,0.126392
0.487046,0.126791
0.488008,0.127181
0.489051,0.127583
0.490014,0.127965
0.491056,0.128365
0.492019,0.128779
0.493062,0.129215
0.494024,0.129618
0.495067,0.130029
0.49603,0.130449
0.497072,0.13088
0.498035,0.131293
0.499078,0.131718
0.50004,0.132138
0.501003,0.132553
0.502045,0.13297
0.503008,0.133399
0.504051,0.133816
0.505013,0.134221
0.506056,0.134645
0.507019,0.135052
0.508061,0.135452
0.509024,0.13586
0.510067,0.136286
0.511029,0.136718
0.512072,0.137142
0.513034,0.137579
0.514077,0.137997
0.51504,0.138449
0.516002,0.138872
0.517045,0.139308
0.518008,0.139764
0.51905,0.140205
0.520013,0.140647
0.521056,0.141079
0.522018,0.14152
0.523061,0.141965
0.524023,0.142417
0.525066,0.142883
0.526029,0.143325
0.527071,0.143803
0.528034,0.144239
0.529077,0.1447
0.530039,0.145151
0.531002,0.145607
0.532045,0.146086
0.533007,0.146544
0.53405,0.147004
0.535012,0.14747
0.536055,0.147926
0.537018,0.148397
0.53806,0.148871
0.539023,0.149324
0.540066,0.149794
0.541028,0.15028
0.542071,0.150741
0.543034,0.151203
0.544076,0.151691
0.545039,0.152186
0.546001,0.152692
0.547044,0.153197
0.548007,0.153671
0.549049,0.154122
0.550012,0.154607
0.551055,0.155109
0.552017,0.155612
0.55306,0.15611
0.554023,0.156588
0.555065,0.157082
0.556028,0.157561
0.557071,0.158082
0.558033,0.15857
0.559076,0.159092
0.560039,0.159585
0.561001,0.160092
0.562044,0.16062
0.563006,0.161124
0.564049,0.16163
0.565012,0.162154
0.566054,0.162674
0.567017,0.163152
0.56806,0.16367
0.569022,0.164161
0.570065,0.164647
0.571028,0.165162
0.57207,0.165708
0.573033,0.166233
0.574076,0.166776
0.575038,0.167323
0.576001,0.167859
0.577043,0.168337
0.578006,0.16886
0.579049,0.169391
0.580011,0.169958
0.581054,0.170517
0.582017,0.17104
0.583059,0.171572
0.584022,0.172118
0.585065,0.172631
0.586027,0.173199
0.58707,0.173759
0.588032,0.174331
0.589075,0.174879
0.590038,0.175451
0.591,0.176008
0.592043,0.176587
0.593006,0.177164
0.594048,0.177765
0.595011,0.178325
0.596054,0.178873
0.597016,0.179437
0.598059,0.180049
0.599021,0.180639
0.600064,0.181165
0.601027,0.181745
0.602069,0.182296
0.603032,0.182914
0.604075,0.183507
0.605037,0.18407
0.60608,0.184662
0.607043,0.185231
0.608005,0.185848
0.609048,0.186448
0.61001,0.187052
0.611053,0.187636
0.612016,0.188216
0.613058,0.188809
0.614021,0.189435
0.615064,0.190066
0.616026,0.190638
0.617069,0.191261
0.618032,0.191894
0.619074,0.192488
0.620037,0.193085
0.62108,0.193714
0.622042,0.194357
0.623005,0.195001
0.624047,0.195585
0.62501,0.196198
0.626053,0.196849
0.627015,0.197492
0.628058,0.198137
0.629021,0.198762
0.630063,0.199375
0.631026,0.200013
0.632069,0.20067
0.633031,0.201305
0.634074,0.201995
0.635036,0.202682
0.636079,0.203389
0.637042,0.204053
0.638004,0.204694
0.639047,0.205313
0.64001,0.205967
0.641052,0.206622
0.642015,0.207274
0.643058,0.207939
0.64402,0.208611
0.645063,0.209226
0.646026,0.209875
0.647068,0.210545
0.648031,0.211227
0.649074,0.211939
0.650036,0.212638
0.651079,0.213364
0.652041,0.214067
0.653004,0.214803
0.654047,0.215508
0.655009,0.216203
0.656052,0.216902
0.657015,0.217611
0.658057,0.218307
0.65902,0.219007
0.660063,0.219703
0.661025,0.220418
0.662068,0.22114
0.66303,0.221859
0.664073,0.22261
0.665036,0.223326
0.666078,0.224087
0.667041,0.224873
0.668004,0.225611
0.669046,0.226358
0.670009,0.227138
0.671052,0.22791
0.672014,0.228665
0.673057,0.229381
0.674019,0.230107
0.675062,0.230844
0.676025,0.231582
0.677067,0.23235
0.67803,0.233132
0.679073,0.233856
0.680035,0.234627
0.681078,0.235419
0.682041,0.236189
0.683003,0.237
0.684046,0.237826
0.685008,0.238637
0.686051,0.239449
0.687014,0.240226
0.688056,0.241075
0.689019,0.24192
0.690062,0.242777
0.691024,0.243564
0.692067,0.244347
0.69303,0.245155
0.694072,0.245997
0.695035,0.246845
0.696078,0.24767
0.69704,0.248545
0.698003,0.249413
0.699045,0.250239
0.700008,0.251128
0.701051,0.251977
0.702013,0.252836
0.703056,0.253688
0.704019,0.254511
0.705061,0.255397
0.706024,0.256329
0.707067,0.257245
0.708029,0.258124
0.709072,0.259007
0.710034,0.25997
0.711077,0.260856
0.71204,0.261767
0.713002,0.262637
0.714045,0.263588
0.715008,0.26453
0.71605,0.265468
0.717013,0.266336
0.718056,0.267264
0.719018,0.268203
0.720061,0.269178
0.721024,0.270156
0.722066,0.271092
0.723029,0.272024
0.724072,0.272964
0.725034,0.273921
0.726077,0.274941
0.727039,0.275861
0.728002,0.276885
0.729045,0.277804
0.730007,0.278808
0.73105,0.279762
0.732013,0.280756
0.733055,0.281754
0.734018,0.282747
0.735061,0.283775
0.736023,0.284767
0.737066,0.285792
0.738028,0.286825
0.739071,0.287875
0.740034,0.288964
0.741076,0.290037
0.742039,0.291129
0.743002,0.292132
0.744044,0.2932
0.745007,0.294308
0.74605,0.295423
0.747012,0.296468
0.748055,0.297597
0.749017,0.298615
0.75006,0.299712
0.751023,0.300823
0.752065,0.301955
0.753028,0.303085
0.754071,0.304181
0.755033,0.305282
0.756076,0.306436
0.757039,0.307544
0.758001,0.308667
0.759044,0.309808
0.760006,0.31091
0.761049,0.312045
0.762012,0.313187
0.763054,0.314274
0.764017,0.315427
0.76506,0.316586
0.766022,0.317766
0.767065,0.318939
0.768028,0.320128
0.76907,0.321298
0.770033,0.322502
0.771076,0.323715
0.772038,0.324944
0.773001,0.326222
0.774043,0.327392
0.775006,0.328611
0.776049,0.329887
0.777011,0.331077
0.778054,0.332368
0.779017,0.33363
0.780059,0.334807
0.781022,0.336041
0.782065,0.337307
0.783027,0.338606
0.78407,0.339893
0.785032,0.341233
0.786075,0.342573
0.787038,0.343934
0.788,0.345173
0.789043,0.346463
0.790006,0.347856
0.791048,0.349194
0.792011,0.350579
0.793054,0.35189
0.794016,0.353186
0.795059,0.35459
0.796021,0.355938
0.797064,0.357398
0.798027,0.358748
0.79907,0.360119
0.800032,0.361665
0.801075,0.363134
0.802037,0.364552
0.80308,0.365995
0.804043,0.367419
0.805005,0.368887
0.806048,0.370318
0.807011,0.371828
0.808053,0.373236
0.809016,0.374838
0.810059,0.376345
0.811021,0.377805
0.812064,0.379303
0.813026,0.380831
0.814069,0.382362
0.815032,0.384023
0.816074,0.385581
0.817037,0.38722
0.81808,0.388741
0.819042,0.390353
0.820005,0.39197
0.821048,0.393476
0.82201,0.395147
0.823053,0.396672
0.824015,0.398297
0.825058,0.399854
0.826021,0.401616
0.827063,0.403291
0.828026,0.404905
0.829069,0.406613
0.830031,0.408258
0.831074,0.409949
0.832037,0.411663
0.833079,0.413348
0.834042,0.415142
0.835004,0.416926
0.836047,0.418685
0.83701,0.420413
0.838052,0.422178
0.839015,0.423907
0.840058,0.425746
0.84102,0.427619
0.842063,0.429361
0.843026,0.431113
0.844068,0.432925
0.845031,0.434767
0.846074,0.436617
0.847036,0.438469
0.848079,0.44032
0.849041,0.442316
0.850004,0.444226
0.851047,0.446259
0.852009,0.448187
0.853052,0.450216
0.854015,0.452204
0.855057,0.454088
0.85602,0.456019
0.857063,0.458236
0.858025,0.46023
0.859068,0.462348
0.86003,0.464479
0.861073,0.466507
0.862036,0.468535
0.863079,0.470485
0.864041,0.472543
0.865004,0.474734
0.866046,0.476811
0.867009,0.479001
0.868052,0.481241
0.869014,0.48335
0.870057,0.48556
0.871019,0.487678
0.872062,0.489892
0.873025,0.492037
0.874068,0.494268
0.87503,0.496511
0.876073,0.498871
0.877035,0.501189
0.878078,0.503263
0.879041,0.505411
0.880003,0.507903
0.881046,0.510229
0.882009,0.512713
0.883051,0.515192
0.884014,0.517507
0.885057,0.519826
0.886019,0.522304
0.887062,0.524699
0.888024,0.526988
0.889067,0.529572
0.89003,0.532151
0.891072,0.534592
0.892035,0.53731
0.893078,0.539718
0.89404,0.542252
0.895003,0.54508
0.896046,0.547504
0.897008,0.550161
0.898051,0.552791
0.899013,0.555387
0.900056,0.558107
0.901019,0.560901
0.902061,0.563824
0.903024,0.566674
0.904067,0.569636
0.905029,0.572573
0.906072,0.57571
0.907035,0.57859
0.908077,0.581429
0.90904,0.584585
0.910002,0.587771
0.911045,0.590486
0.912008,0.593635
0.91305,0.596882
0.914013,0.599979
0.915056,0.603226
0.916018,0.606293
0.917061,0.60955
0.918024,0.612922
0.919066,0.615849
0.920029,0.618963
0.921072,0.622201
0.922034,0.625374
0.923077,0.628756
0.924039,0.632076
0.925002,0.635367
0.926045,0.638702
0.927007,0.642398
0.92805,0.64571
0.929013,0.649207
0.930055,0.652808
0.931018,0.656309
0.932061,0.660047
0.933023,0.663843
0.934066,0.667733
0.935028,0.671426
0.936071,0.675208
0.937034,0.679017
0.938077,0.68307
0.939039,0.687162
0.940002,0.691043
0.941044,0.69503
0.942007,0.699146
0.94305,0.703124
0.944012,0.707446
0.945055,0.71172
0.946017,0.71575
0.94706,0.719466
0.948023,0.723745
0.949066,0.728107
0.950028,0.732343
0.951071,0.737017
0.952033,0.741477
0.953076,0.746001
0.954039,0.750402
0.955001,0.755024
0.956044,0.759689
0.957006,0.764572
0.958049,0.769116
0.959012,0.773863
0.960055,0.778667
0.961017,0.78337
0.96206,0.788451
0.963022,0.793204
0.964065,0.798165
0.965028,0.80323
0.96607,0.808203
0.967033,0.813467
0.968076,0.818546
0.969038,0.823649
0.970001,0.828731
0.971044,0.834284
0.972006,0.839629
0.973049,0.845155
0.974011,0.85077
0.975054,0.856211
0.976017,0.862006
0.977059,0.867608
0.978022,0.873345
0.979065,0.878978
0.980027,0.884841
0.98107,0.890545
0.982033,0.896341
0.983075,0.902214
0.984038,0.908786
0.985,0.915297
0.986043,0.921347
0.987006,0.927975
0.988048,0.934625
0.989011,0.941109
0.990054,0.947966
0.991016,0.954341
0.992059,0.961732
0.993022,0.968885
0.994064,0.975671
0.995027,0.982414
0.99607,0.990105
0.997032,0.997496
0.998075,1.00519
0.999037,1.01257
0.99992,1.02