0,0.02
0.01,0.0200615
0.02,0.0201287
0.03,0.0202088
0.04,0.0203249
0.05,0.020477
0.06,0.0206492
0.07,0.0208332
0.08,0.021025
0.09,0.0212226
0.1,0.021425
0.11,0.0216316
0.12,0.0218422
0.13,0.0220568
0.14,0.0222751
0.15,0.0224975
0.16,0.0227239
0.17,0.0229547
0.18,0.0231899
0.19,0.0234299
0.2,0.0236747
0.21,0.0239246
0.22,0.0241799
0.23,0.0244406
0.24,0.0247074
0.25,0.0249802
0.26,0.0252594
0.27,0.0255454
0.28,0.0258384
0.29,0.0261387
0.3,0.0264467
0.31,0.0267628
0.32,0.0270874
0.33,0.0274209
0.34,0.0277634
0.35,0.0281155
0.36,0.0284779
0.37,0.0288507
0.38,0.0292349
0.39,0.029631
0.4,0.0300395
0.41,0.0304608
0.42,0.0308954
0.43,0.031345
0.44,0.0318095
0.45,0.0322898
0.46,0.0327869
0.47,0.0333019
0.48,0.0338353
0.49,0.0343887
0.5,0.0349631
0.51,0.0355598
0.52,0.0361801
0.53,0.0368257
0.54,0.037499
0.55,0.0382004
0.56,0.0389326
0.57,0.0396965
0.58,0.0404946
0.59,0.0413298
0.6,0.0422067
0.61,0.0431256
0.62,0.0440908
0.63,0.0451054
0.64,0.0461744
0.65,0.0473006
0.66,0.0484906
0.67,0.0497493
0.68,0.0510823
0.69,0.0524978
0.7,0.0540029
0.71,0.055606
0.72,0.0573165
0.73,0.0591461
0.74,0.0611094
0.75,0.0632194
0.76,0.0654969
0.77,0.0679568
0.78,0.070626
0.79,0.0735323
0.8,0.076706
0.81,0.0801906
0.82,0.0840332
0.83,0.0882935
0.84,0.0930348
0.85,0.0983518
0.86,0.104356
0.87,0.111177
0.88,0.119023
0.89,0.128107
0.9,0.138774
0.91,0.151475
0.92,0.166838
0.93,0.185808
0.94,0.209825
0.95,0.24121
0.96,0.283954
0.97,0.345508
0.98,0.44232
0.99,0.61628
1,1.02