0,0.02
0.01,0.0207471
0.02,0.0215995
0.0300001,0.0225401
0.04,0.0235576
0.05,0.0246443
0.0600001,0.025793
0.07,0.0269974
0.08,0.0282552
0.0900001,0.0295632
0.1,0.0309173
0.11,0.0323187
0.12,0.0337637
0.13,0.0352527
0.14,0.0367831
0.15,0.0383571
0.16,0.0399731
0.17,0.0416297
0.18,0.0433296
0.19,0.0450728
0.2,0.0468582
0.21,0.0486864
0.22,0.0505607
0.23,0.0524792
0.24,0.0544437
0.25,0.0564555
0.26,0.0585173
0.27,0.0606278
0.28,0.0627899
0.29,0.0650048
0.3,0.0672722
0.31,0.0695961
0.32,0.0719772
0.33,0.0744192
0.34,0.076921
0.35,0.0794859
0.36,0.0821188
0.37,0.0848191
0.38,0.0875929
0.39,0.0904397
0.4,0.0933633
0.41,0.0963669
0.42,0.0994514
0.43,0.102624
0.44,0.105885
0.45,0.109241
0.46,0.112694
0.47,0.116248
0.48,0.11991
0.49,0.123684
0.5,0.127573
0.51,0.131588
0.52,0.135729
0.53,0.140004
0.54,0.144421
0.55,0.148987
0.56,0.153706
0.57,0.15859
0.58,0.163649
0.59,0.168887
0.6,0.174319
0.61,0.179954
0.62,0.185803
0.63,0.191877
0.64,0.1982
0.65,0.20477
0.66,0.211612
0.67,0.218746
0.68,0.226185
0.69,0.233953
0.7,0.242075
0.71,0.250568
0.72,0.259466
0.73,0.268797
0.74,0.27859
0.75,0.288884
0.76,0.29972
0.77,0.311131
0.78,0.323175
0.79,0.335903
0.8,0.349376
0.81,0.36366
0.82,0.378827
0.83,0.394974
0.84,0.412189
0.85,0.430591
0.86,0.450285
0.87,0.471452
0.88,0.494238
0.89,0.518837
0.9,0.54549
0.91,0.574426
0.92,0.606
0.93,0.640564
0.94,0.678577
0.95,0.720544
0.96,0.767161
0.97,0.819262
0.98,0.877817
0.99,0.944188
1,1.02