0,0.02
0.0100003,0.0200621
0.0200003,0.0201311
0.0300003,0.0202153
0.0400003,0.0203318
0.0500003,0.0204819
0.0600002,0.0206535
0.0700002,0.0208373
0.0800002,0.0210291
0.0900002,0.0212274
0.1,0.0214303
0.11,0.0216375
0.12,0.0218486
0.13,0.0220636
0.14,0.0222825
0.15,0.0225057
0.16,0.0227329
0.17,0.0229646
0.18,0.0232007
0.19,0.0234415
0.2,0.0236869
0.21,0.0239376
0.22,0.0241937
0.23,0.0244553
0.24,0.0247231
0.25,0.0249966
0.26,0.0252768
0.27,0.0255641
0.28,0.025858
0.29,0.026159
0.3,0.026468
0.31,0.0267852
0.32,0.0271105
0.33,0.0274453
0.34,0.0277885
0.35,0.0281409
0.36,0.0285042
0.37,0.0288787
0.38,0.0292639
0.39,0.0296608
0.4,0.0300697
0.41,0.0304937
0.42,0.0309298
0.43,0.0313796
0.44,0.0318462
0.45,0.0323283
0.46,0.032827
0.47,0.033344
0.48,0.0338784
0.49,0.0344342
0.5,0.0350104
0.51,0.035611
0.52,0.0362342
0.53,0.0368816
0.54,0.0375554
0.55,0.0382611
0.56,0.0389942
0.57,0.0397588
0.58,0.0405594
0.59,0.0413986
0.6,0.0422766
0.61,0.0431986
0.62,0.0441698
0.63,0.0451853
0.64,0.0462588
0.65,0.0473864
0.66,0.0485809
0.67,0.04984
0.68,0.0511832
0.69,0.0526032
0.7,0.0541188
0.71,0.0557297
0.72,0.0574496
0.73,0.0592879
0.74,0.0612589
0.75,0.0633727
0.76,0.0656574
0.77,0.0681178
0.78,0.0707954
0.79,0.0737194
0.8,0.0769114
0.81,0.080398
0.82,0.084245
0.83,0.0885336
0.84,0.0932997
0.85,0.0986366
0.86,0.104635
0.87,0.11149
0.88,0.119381
0.89,0.128515
0.9,0.139199
0.91,0.151972
0.92,0.167394
0.93,0.186393
0.94,0.210539
0.95,0.241901
0.96,0.284771
0.97,0.346376
0.98,0.443231
0.99,0.617025
1,1.02