0,0.02
0.01,0.0201354
0.02,0.02029
0.03,0.0204808
0.04,0.0207163
0.05,0.0209912
0.06,0.0212959
0.07,0.0216234
0.08,0.0219686
0.09,0.0223275
0.1,0.0226984
0.11,0.02308
0.12,0.023471
0.13,0.0238713
0.14,0.0242806
0.15,0.0246985
0.16,0.0251256
0.17,0.0255614
0.18,0.026007
0.19,0.0264611
0.2,0.0269251
0.21,0.0273989
0.22,0.0278825
0.23,0.0283766
0.24,0.0288818
0.25,0.0293992
0.26,0.0299282
0.27,0.0304698
0.28,0.031025
0.29,0.0315927
0.3,0.0321756
0.31,0.0327733
0.32,0.033385
0.33,0.0340139
0.34,0.0346595
0.35,0.0353231
0.36,0.0360059
0.37,0.0367078
0.38,0.0374308
0.39,0.0381751
0.4,0.0389435
0.41,0.0397309
0.42,0.0405468
0.43,0.0413889
0.44,0.042258
0.45,0.0431544
0.46,0.0440797
0.47,0.0450388
0.48,0.0460326
0.49,0.0470632
0.5,0.0481291
0.51,0.0492364
0.52,0.0503869
0.53,0.0515802
0.54,0.0528206
0.55,0.0541176
0.56,0.0554639
0.57,0.0568662
0.58,0.0583283
0.59,0.059857
0.6,0.0614543
0.61,0.0631284
0.62,0.0648916
0.63,0.0667313
0.64,0.0686691
0.65,0.0707099
0.66,0.0728575
0.67,0.0751252
0.68,0.0775213
0.69,0.0800517
0.7,0.0827438
0.71,0.0856071
0.72,0.0886485
0.73,0.0918896
0.74,0.0953685
0.75,0.099085
0.76,0.103083
0.77,0.107388
0.78,0.112029
0.79,0.117084
0.8,0.122556
0.81,0.12854
0.82,0.135088
0.83,0.142269
0.84,0.150186
0.85,0.159033
0.86,0.168922
0.87,0.180011
0.88,0.192641
0.89,0.207029
0.9,0.223655
0.91,0.24305
0.92,0.265995
0.93,0.293689
0.94,0.327635
0.95,0.370207
0.96,0.424903
0.97,0.498196
0.98,0.60121
0.99,0.75691
1,1.02