0,0.02
0.01,0.0201332
0.02,0.0202832
0.03,0.0204702
0.04,0.0207058
0.05,0.0209819
0.06,0.0212883
0.07,0.0216169
0.08,0.0219632
0.09,0.0223236
0.1,0.0226957
0.11,0.0230784
0.12,0.0234708
0.13,0.0238724
0.14,0.0242829
0.15,0.024702
0.16,0.0251298
0.17,0.0255665
0.18,0.0260122
0.19,0.0264674
0.2,0.0269319
0.21,0.0274063
0.22,0.0278913
0.23,0.0283867
0.24,0.0288931
0.25,0.029411
0.26,0.0299409
0.27,0.0304832
0.28,0.0310387
0.29,0.0316078
0.3,0.0321909
0.31,0.0327891
0.32,0.0334027
0.33,0.0340323
0.34,0.0346794
0.35,0.0353444
0.36,0.0360284
0.37,0.0367309
0.38,0.0374542
0.39,0.0381987
0.4,0.0389652
0.41,0.0397555
0.42,0.0405707
0.43,0.0414118
0.44,0.0422808
0.45,0.0431791
0.46,0.0441072
0.47,0.0450675
0.48,0.0460614
0.49,0.0470906
0.5,0.0481581
0.51,0.0492655
0.52,0.0504148
0.53,0.0516101
0.54,0.0528525
0.55,0.054146
0.56,0.0554939
0.57,0.0568985
0.58,0.0583671
0.59,0.0599007
0.6,0.0615049
0.61,0.0631842
0.62,0.0649447
0.63,0.0667934
0.64,0.0687335
0.65,0.0707751
0.66,0.0729272
0.67,0.0751988
0.68,0.0775986
0.69,0.080138
0.7,0.0828286
0.71,0.0856897
0.72,0.0887327
0.73,0.0919791
0.74,0.095446
0.75,0.0991649
0.76,0.103158
0.77,0.107461
0.78,0.112108
0.79,0.117149
0.8,0.122621
0.81,0.128594
0.82,0.135137
0.83,0.14233
0.84,0.150286
0.85,0.159125
0.86,0.16902
0.87,0.180138
0.88,0.192765
0.89,0.207205
0.9,0.223868
0.91,0.243356
0.92,0.266393
0.93,0.294054
0.94,0.327936
0.95,0.370381
0.96,0.425168
0.97,0.498431
0.98,0.601537
0.99,0.757181
1,1.02